:Product: 202112_ace_mag_1h.txt
:Issued: 2021 Dec 31 1810 UT
# Prepared by the U.S. Dept. of Commerce, NOAA, Space Weather Prediction Center
# Please send comments and suggestions to SWPC.Webmaster@noaa.gov 
# 
# Magnetometer values are in GSM coordinates.
# 
# Units: Bx, By, Bz, Bt in nT
# Units: Latitude  degrees +/-  90.0
# Units: Longitude degrees 0.0 - 360.0
# Status(S): 0 = nominal data, 1 to 8 = bad data record, 9 = no data
# Missing data values: -999.9
# Source: ACE Satellite - Magnetometer
#
#              Hourly Averaged Real-time Interplanetary Magnetic Field Values 
# 
#                 Modified Seconds
# UT Date   Time  Julian   of the   ----------------  GSM Coordinates ---------------
# YR MO DA  HHMM    Day      Day    S     Bx      By      Bz      Bt     Lat.   Long.
#------------------------------------------------------------------------------------
2021 12 01  0000   59549       0    9  -999.9  -999.9  -999.9  -999.9  -999.9  -999.9
2021 12 01  0100   59549    3600    9  -999.9  -999.9  -999.9  -999.9  -999.9  -999.9
2021 12 01  0200   59549    7200    9  -999.9  -999.9  -999.9  -999.9  -999.9  -999.9
2021 12 01  0300   59549   10800    0    -3.3     6.3    -0.8     7.1    -6.7   117.6
2021 12 01  0400   59549   14400    0    -3.9     5.3    -3.2     7.3   -25.9   126.3
2021 12 01  0500   59549   18000    0    -1.8     5.2    -0.4     5.5    -4.5   109.1
2021 12 01  0600   59549   21600    9  -999.9  -999.9  -999.9  -999.9  -999.9  -999.9
2021 12 01  0700   59549   25200    9  -999.9  -999.9  -999.9  -999.9  -999.9  -999.9
2021 12 01  0800   59549   28800    9  -999.9  -999.9  -999.9  -999.9  -999.9  -999.9
2021 12 01  0900   59549   32400    9  -999.9  -999.9  -999.9  -999.9  -999.9  -999.9
2021 12 01  1000   59549   36000    9  -999.9  -999.9  -999.9  -999.9  -999.9  -999.9
2021 12 01  1100   59549   39600    0    -2.6    -3.9    -3.9     6.1   -40.1   236.4
2021 12 01  1200   59549   43200    9  -999.9  -999.9  -999.9  -999.9  -999.9  -999.9
2021 12 01  1300   59549   46800    0    -5.2     0.4    -3.5     6.3   -33.5   175.1
2021 12 01  1400   59549   50400    0    -4.2     3.7    -0.5     5.6    -5.0   139.0
2021 12 01  1500   59549   54000    9  -999.9  -999.9  -999.9  -999.9  -999.9  -999.9
2021 12 01  1600   59549   57600    0    -2.7     3.8    -2.0     5.1   -23.6   126.0
2021 12 01  1700   59549   61200    9  -999.9  -999.9  -999.9  -999.9  -999.9  -999.9
2021 12 01  1800   59549   64800    0    -1.5     3.6    -3.1     5.0   -38.4   112.7
2021 12 01  1900   59549   68400    0    -2.6     5.3    -2.3     6.3   -21.1   115.7
2021 12 01  2000   59549   72000    0    -1.7     5.4    -1.6     5.9   -16.0   107.1
2021 12 01  2100   59549   75600    0     1.9     5.9     1.2     6.4    10.6    72.3
2021 12 01  2200   59549   79200    9  -999.9  -999.9  -999.9  -999.9  -999.9  -999.9
2021 12 01  2300   59549   82800    9  -999.9  -999.9  -999.9  -999.9  -999.9  -999.9
2021 12 02  0000   59550       0    9  -999.9  -999.9  -999.9  -999.9  -999.9  -999.9
2021 12 02  0100   59550    3600    9  -999.9  -999.9  -999.9  -999.9  -999.9  -999.9
2021 12 02  0200   59550    7200    9  -999.9  -999.9  -999.9  -999.9  -999.9  -999.9
2021 12 02  0300   59550   10800    9  -999.9  -999.9  -999.9  -999.9  -999.9  -999.9
2021 12 02  0400   59550   14400    0     2.0     1.7    -1.1     2.8   -22.7    40.4
2021 12 02  0500   59550   18000    0     2.4     2.4    -2.6     4.3   -37.4    45.1
2021 12 02  0600   59550   21600    9  -999.9  -999.9  -999.9  -999.9  -999.9  -999.9
2021 12 02  0700   59550   25200    9  -999.9  -999.9  -999.9  -999.9  -999.9  -999.9
2021 12 02  0800   59550   28800    9  -999.9  -999.9  -999.9  -999.9  -999.9  -999.9
2021 12 02  0900   59550   32400    0    -0.6     3.8     0.1     3.9     2.0    98.8
2021 12 02  1000   59550   36000    0    -2.5     3.9     0.3     4.6     4.2   122.9
2021 12 02  1100   59550   39600    0    -2.3     3.2     0.7     4.0    10.5   125.5
2021 12 02  1200   59550   43200    0    -2.8     2.9    -0.8     4.1   -11.1   133.9
2021 12 02  1300   59550   46800    9  -999.9  -999.9  -999.9  -999.9  -999.9  -999.9
2021 12 02  1400   59550   50400    0    -1.3     0.3    -4.1     4.3   -72.3   167.0
2021 12 02  1500   59550   54000    0    -1.9     2.0    -3.0     4.1   -47.5   132.6
2021 12 02  1600   59550   57600    9  -999.9  -999.9  -999.9  -999.9  -999.9  -999.9
2021 12 02  1700   59550   61200    9  -999.9  -999.9  -999.9  -999.9  -999.9  -999.9
2021 12 02  1800   59550   64800    0    -2.3    -1.6    -2.0     3.4   -34.9   214.9
2021 12 02  1900   59550   68400    0    -3.5     0.8     0.0     3.6     0.3   167.6
2021 12 02  2000   59550   72000    0    -4.1     0.7    -0.4     4.2    -5.4   169.8
2021 12 02  2100   59550   75600    0    -4.5     0.8    -0.4     4.6    -4.4   170.1
2021 12 02  2200   59550   79200    9  -999.9  -999.9  -999.9  -999.9  -999.9  -999.9
2021 12 02  2300   59550   82800    9  -999.9  -999.9  -999.9  -999.9  -999.9  -999.9
2021 12 03  0000   59551       0    9  -999.9  -999.9  -999.9  -999.9  -999.9  -999.9
2021 12 03  0100   59551    3600    9  -999.9  -999.9  -999.9  -999.9  -999.9  -999.9
2021 12 03  0200   59551    7200    9  -999.9  -999.9  -999.9  -999.9  -999.9  -999.9
2021 12 03  0300   59551   10800    9  -999.9  -999.9  -999.9  -999.9  -999.9  -999.9
2021 12 03  0400   59551   14400    9  -999.9  -999.9  -999.9  -999.9  -999.9  -999.9
2021 12 03  0500   59551   18000    0    -1.9     2.3     1.2     3.2    21.3   129.1
2021 12 03  0600   59551   21600    9  -999.9  -999.9  -999.9  -999.9  -999.9  -999.9
2021 12 03  0700   59551   25200    0    -2.7     2.4    -1.3     3.8   -19.6   139.0
2021 12 03  0800   59551   28800    0    -2.4     2.7    -2.2     4.2   -31.4   131.7
2021 12 03  0900   59551   32400    0    -2.3     4.3    -3.6     6.1   -36.5   118.5
2021 12 03  1000   59551   36000    0    -1.2     5.0    -2.8     5.9   -28.3   103.6
2021 12 03  1100   59551   39600    0    -2.1     3.9    -4.2     6.1   -43.5   118.8
2021 12 03  1200   59551   43200    0    -2.0     4.2    -4.8     6.7   -45.6   115.2
2021 12 03  1300   59551   46800    0    -2.3     4.4    -4.6     6.8   -43.0   117.1
2021 12 03  1400   59551   50400    9  -999.9  -999.9  -999.9  -999.9  -999.9  -999.9
2021 12 03  1500   59551   54000    0     2.0     6.7     1.1     7.1     9.0    73.3
2021 12 03  1600   59551   57600    9  -999.9  -999.9  -999.9  -999.9  -999.9  -999.9
2021 12 03  1700   59551   61200    9  -999.9  -999.9  -999.9  -999.9  -999.9  -999.9
2021 12 03  1800   59551   64800    0    -4.4    -2.5    -1.7     5.4   -18.3   209.6
2021 12 03  1900   59551   68400    0    -4.5    -2.8     2.0     5.7    20.0   211.9
2021 12 03  2000   59551   72000    0    -4.7     0.4     2.4     5.2    27.0   175.7
2021 12 03  2100   59551   75600    0    -3.7     4.5    -1.0     5.9    -9.3   129.9
2021 12 03  2200   59551   79200    9  -999.9  -999.9  -999.9  -999.9  -999.9  -999.9
2021 12 03  2300   59551   82800    9  -999.9  -999.9  -999.9  -999.9  -999.9  -999.9
2021 12 04  0000   59552       0    9  -999.9  -999.9  -999.9  -999.9  -999.9  -999.9
2021 12 04  0100   59552    3600    9  -999.9  -999.9  -999.9  -999.9  -999.9  -999.9
2021 12 04  0200   59552    7200    9  -999.9  -999.9  -999.9  -999.9  -999.9  -999.9
2021 12 04  0300   59552   10800    9  -999.9  -999.9  -999.9  -999.9  -999.9  -999.9
2021 12 04  0400   59552   14400    9  -999.9  -999.9  -999.9  -999.9  -999.9  -999.9
2021 12 04  0500   59552   18000    0    -1.4     3.4    -1.0     3.8   -15.0   112.0
2021 12 04  0600   59552   21600    9  -999.9  -999.9  -999.9  -999.9  -999.9  -999.9
2021 12 04  0700   59552   25200    0    -4.0     2.4    -1.3     4.8   -15.4   149.2
2021 12 04  0800   59552   28800    0    -4.7     1.1    -0.6     4.9    -7.1   166.5
2021 12 04  0900   59552   32400    0    -4.9     0.2    -0.1     4.9    -1.4   177.2
2021 12 04  1000   59552   36000    0    -4.9    -0.2     0.1     4.9     1.7   182.5
2021 12 04  1100   59552   39600    0    -4.8    -0.0    -0.5     4.9    -6.4   180.0
2021 12 04  1200   59552   43200    0    -4.6    -0.4    -0.7     4.6    -8.2   185.2
2021 12 04  1300   59552   46800    0    -2.3     2.1    -0.8     3.2   -13.7   138.7
2021 12 04  1400   59552   50400    0    -3.0     2.3    -1.0     3.9   -14.9   142.5
2021 12 04  1500   59552   54000    0    -5.2     2.5    -1.4     5.9   -14.2   154.4
2021 12 04  1600   59552   57600    9  -999.9  -999.9  -999.9  -999.9  -999.9  -999.9
2021 12 04  1700   59552   61200    0     1.0     6.1     1.1     6.3    10.4    81.0
2021 12 04  1800   59552   64800    0     0.8     6.0     1.3     6.2    11.8    82.2
2021 12 04  1900   59552   68400    0     3.0     4.3     2.6     5.9    26.3    55.0
2021 12 04  2000   59552   72000    0    -0.3     3.5     0.2     3.5     4.1    95.0
2021 12 04  2100   59552   75600    0    -5.8     2.7    -1.8     6.6   -16.0   155.2
2021 12 04  2200   59552   79200    9  -999.9  -999.9  -999.9  -999.9  -999.9  -999.9
2021 12 04  2300   59552   82800    9  -999.9  -999.9  -999.9  -999.9  -999.9  -999.9
2021 12 05  0000   59553       0    9  -999.9  -999.9  -999.9  -999.9  -999.9  -999.9
2021 12 05  0100   59553    3600    9  -999.9  -999.9  -999.9  -999.9  -999.9  -999.9
2021 12 05  0200   59553    7200    9  -999.9  -999.9  -999.9  -999.9  -999.9  -999.9
2021 12 05  0300   59553   10800    9  -999.9  -999.9  -999.9  -999.9  -999.9  -999.9
2021 12 05  0400   59553   14400    9  -999.9  -999.9  -999.9  -999.9  -999.9  -999.9
2021 12 05  0500   59553   18000    0    -6.0    -0.4    -1.5     6.2   -13.9   184.0
2021 12 05  0600   59553   21600    9  -999.9  -999.9  -999.9  -999.9  -999.9  -999.9
2021 12 05  0700   59553   25200    0    -5.7    -0.3    -1.2     5.9   -12.1   183.3
2021 12 05  0800   59553   28800    0    -5.7    -0.2    -1.4     5.9   -14.0   181.7
2021 12 05  0900   59553   32400    0    -5.4     2.1    -1.4     6.0   -13.9   158.6
2021 12 05  1000   59553   36000    0    -4.2     3.9    -1.5     5.9   -14.3   137.0
2021 12 05  1100   59553   39600    0    -2.6     4.2    -1.2     5.1   -13.4   121.4
2021 12 05  1200   59553   43200    0    -6.9    -0.0    -2.0     7.2   -16.3   180.3
2021 12 05  1300   59553   46800    0    -6.4     0.5    -2.2     6.8   -18.9   175.1
2021 12 05  1400   59553   50400    0    -4.0     3.5    -1.2     5.4   -12.6   139.4
2021 12 05  1500   59553   54000    0    -4.5     1.5    -4.1     6.3   -40.6   161.7
2021 12 05  1600   59553   57600    9  -999.9  -999.9  -999.9  -999.9  -999.9  -999.9
2021 12 05  1700   59553   61200    9  -999.9  -999.9  -999.9  -999.9  -999.9  -999.9
2021 12 05  1800   59553   64800    9  -999.9  -999.9  -999.9  -999.9  -999.9  -999.9
2021 12 05  1900   59553   68400    9  -999.9  -999.9  -999.9  -999.9  -999.9  -999.9
2021 12 05  2000   59553   72000    9  -999.9  -999.9  -999.9  -999.9  -999.9  -999.9
2021 12 05  2100   59553   75600    9  -999.9  -999.9  -999.9  -999.9  -999.9  -999.9
2021 12 05  2200   59553   79200    9  -999.9  -999.9  -999.9  -999.9  -999.9  -999.9
2021 12 05  2300   59553   82800    9  -999.9  -999.9  -999.9  -999.9  -999.9  -999.9
2021 12 06  0000   59554       0    9  -999.9  -999.9  -999.9  -999.9  -999.9  -999.9
2021 12 06  0100   59554    3600    9  -999.9  -999.9  -999.9  -999.9  -999.9  -999.9
2021 12 06  0200   59554    7200    9  -999.9  -999.9  -999.9  -999.9  -999.9  -999.9
2021 12 06  0300   59554   10800    9  -999.9  -999.9  -999.9  -999.9  -999.9  -999.9
2021 12 06  0400   59554   14400    9  -999.9  -999.9  -999.9  -999.9  -999.9  -999.9
2021 12 06  0500   59554   18000    9  -999.9  -999.9  -999.9  -999.9  -999.9  -999.9
2021 12 06  0600   59554   21600    9  -999.9  -999.9  -999.9  -999.9  -999.9  -999.9
2021 12 06  0700   59554   25200    0    -1.9     1.4     2.0     3.0    40.6   143.5
2021 12 06  0800   59554   28800    0    -3.5     2.2    -1.2     4.3   -16.3   148.1
2021 12 06  0900   59554   32400    0    -4.6     1.7    -2.8     5.7   -29.7   159.4
2021 12 06  1000   59554   36000    0    -5.4    -1.1    -1.7     5.8   -17.4   191.5
2021 12 06  1100   59554   39600    0     0.2    -1.9     0.4     1.9    12.4   277.3
2021 12 06  1200   59554   43200    0    -2.8     0.6    -1.0     3.0   -18.9   168.6
2021 12 06  1300   59554   46800    0    -2.5     0.2    -2.5     3.6   -45.1   176.0
2021 12 06  1400   59554   50400    0    -2.5    -1.0    -4.0     4.8   -56.4   202.4
2021 12 06  1500   59554   54000    0    -4.4     1.8    -3.5     5.9   -36.2   158.0
2021 12 06  1600   59554   57600    0    -2.4     5.3    -0.2     5.8    -2.0   114.2
2021 12 06  1700   59554   61200    9  -999.9  -999.9  -999.9  -999.9  -999.9  -999.9
2021 12 06  1800   59554   64800    0    -2.3     4.2     0.2     4.9     2.6   118.6
2021 12 06  1900   59554   68400    0    -2.0     1.9     1.3     3.0    26.2   135.4
2021 12 06  2000   59554   72000    0    -1.3     0.7     1.0     1.8    35.0   151.8
2021 12 06  2100   59554   75600    0    -1.8     0.7    -0.0     1.9    -0.9   159.9
2021 12 06  2200   59554   79200    9  -999.9  -999.9  -999.9  -999.9  -999.9  -999.9
2021 12 06  2300   59554   82800    9  -999.9  -999.9  -999.9  -999.9  -999.9  -999.9
2021 12 07  0000   59555       0    9  -999.9  -999.9  -999.9  -999.9  -999.9  -999.9
2021 12 07  0100   59555    3600    9  -999.9  -999.9  -999.9  -999.9  -999.9  -999.9
2021 12 07  0200   59555    7200    9  -999.9  -999.9  -999.9  -999.9  -999.9  -999.9
2021 12 07  0300   59555   10800    9  -999.9  -999.9  -999.9  -999.9  -999.9  -999.9
2021 12 07  0400   59555   14400    9  -999.9  -999.9  -999.9  -999.9  -999.9  -999.9
2021 12 07  0500   59555   18000    9  -999.9  -999.9  -999.9  -999.9  -999.9  -999.9
2021 12 07  0600   59555   21600    9  -999.9  -999.9  -999.9  -999.9  -999.9  -999.9
2021 12 07  0700   59555   25200    0    -2.8     1.9     2.1     4.0    31.8   145.2
2021 12 07  0800   59555   28800    0    -1.9     2.2     0.9     3.0    16.5   131.8
2021 12 07  0900   59555   32400    0    -3.1     1.2     2.2     4.0    33.4   158.6
2021 12 07  1000   59555   36000    0    -0.7     4.3     1.4     4.5    18.2    99.4
2021 12 07  1100   59555   39600    0    -1.4     3.6     1.3     4.1    18.4   111.3
2021 12 07  1200   59555   43200    0    -0.5     3.7     0.2     3.8     3.0    98.2
2021 12 07  1300   59555   46800    0    -1.2     2.6     0.3     2.9     6.8   113.9
2021 12 07  1400   59555   50400    0    -3.6     0.7     1.5     3.9    21.9   168.9
2021 12 07  1500   59555   54000    0    -3.5    -2.0     1.5     4.3    20.9   209.4
2021 12 07  1600   59555   57600    0    -0.4     1.1    -0.2     1.1    -7.6   108.2
2021 12 07  1700   59555   61200    2     1.7     1.8    -0.8     2.6   -18.6    47.9
2021 12 07  1800   59555   64800    2    -0.1     3.3    -0.4     3.3    -6.1    91.7
2021 12 07  1900   59555   68400    0     0.2     2.5    -0.2     2.6    -5.2    85.8
2021 12 07  2000   59555   72000    0    -1.8     2.5     0.2     3.1     2.8   125.9
2021 12 07  2100   59555   75600    9  -999.9  -999.9  -999.9  -999.9  -999.9  -999.9
2021 12 07  2200   59555   79200    9  -999.9  -999.9  -999.9  -999.9  -999.9  -999.9
2021 12 07  2300   59555   82800    9  -999.9  -999.9  -999.9  -999.9  -999.9  -999.9
2021 12 08  0000   59556       0    9  -999.9  -999.9  -999.9  -999.9  -999.9  -999.9
2021 12 08  0100   59556    3600    9  -999.9  -999.9  -999.9  -999.9  -999.9  -999.9
2021 12 08  0200   59556    7200    9  -999.9  -999.9  -999.9  -999.9  -999.9  -999.9
2021 12 08  0300   59556   10800    9  -999.9  -999.9  -999.9  -999.9  -999.9  -999.9
2021 12 08  0400   59556   14400    0    -2.2     3.7     0.4     4.3     4.9   120.7
2021 12 08  0500   59556   18000    0    -3.0     2.7    -0.8     4.1   -11.3   137.5
2021 12 08  0600   59556   21600    0    -3.1     1.0    -2.2     3.9   -33.9   161.9
2021 12 08  0700   59556   25200    0    -3.4     0.2    -2.4     4.1   -36.0   177.1
2021 12 08  0800   59556   28800    0    -3.8     2.0    -0.4     4.3    -4.8   152.6
2021 12 08  0900   59556   32400    0    -4.2     0.2    -1.4     4.4   -18.8   176.9
2021 12 08  1000   59556   36000    0    -4.2     0.4    -1.7     4.6   -21.2   175.1
2021 12 08  1100   59556   39600    0    -4.3     0.5    -1.4     4.6   -18.2   173.2
2021 12 08  1200   59556   43200    0    -4.5     0.4    -1.4     4.8   -17.5   174.7
2021 12 08  1300   59556   46800    0    -4.5     0.4    -1.7     4.9   -20.8   174.6
2021 12 08  1400   59556   50400    0    -4.5     0.4    -1.1     4.6   -13.9   175.2
2021 12 08  1500   59556   54000    0    -4.3     0.2    -1.7     4.6   -21.3   177.9
2021 12 08  1600   59556   57600    9  -999.9  -999.9  -999.9  -999.9  -999.9  -999.9
2021 12 08  1700   59556   61200    0    -3.5     1.6    -1.6     4.1   -22.7   156.0
2021 12 08  1800   59556   64800    0    -3.4     1.5    -1.5     4.0   -22.0   156.1
2021 12 08  1900   59556   68400    0    -3.4     1.7    -0.6     3.9    -9.5   153.2
2021 12 08  2000   59556   72000    0    -2.9     2.7    -0.7     4.0    -9.8   136.5
2021 12 08  2100   59556   75600    0    -3.0     2.7    -1.0     4.2   -14.4   138.1
2021 12 08  2200   59556   79200    9  -999.9  -999.9  -999.9  -999.9  -999.9  -999.9
2021 12 08  2300   59556   82800    9  -999.9  -999.9  -999.9  -999.9  -999.9  -999.9
2021 12 09  0000   59557       0    9  -999.9  -999.9  -999.9  -999.9  -999.9  -999.9
2021 12 09  0100   59557    3600    9  -999.9  -999.9  -999.9  -999.9  -999.9  -999.9
2021 12 09  0200   59557    7200    9  -999.9  -999.9  -999.9  -999.9  -999.9  -999.9
2021 12 09  0300   59557   10800    9  -999.9  -999.9  -999.9  -999.9  -999.9  -999.9
2021 12 09  0400   59557   14400    9  -999.9  -999.9  -999.9  -999.9  -999.9  -999.9
2021 12 09  0500   59557   18000    9  -999.9  -999.9  -999.9  -999.9  -999.9  -999.9
2021 12 09  0600   59557   21600    9  -999.9  -999.9  -999.9  -999.9  -999.9  -999.9
2021 12 09  0700   59557   25200    0    -0.1     0.1    -1.1     1.1   -82.4   113.4
2021 12 09  0800   59557   28800    0     0.5     0.4    -0.8     1.0   -52.4    37.9
2021 12 09  0900   59557   32400    0    -0.8     0.4    -1.1     1.4   -53.6   153.4
2021 12 09  1000   59557   36000    0    -1.0     0.0    -1.4     1.8   -53.7   177.9
2021 12 09  1100   59557   39600    0    -1.8     0.1    -0.6     1.9   -18.1   177.5
2021 12 09  1200   59557   43200    0    -1.4     0.4    -1.8     2.3   -50.4   165.6
2021 12 09  1300   59557   46800    0     0.6     1.1    -1.9     2.3   -56.4    62.8
2021 12 09  1400   59557   50400    0    -1.8     1.7    -1.2     2.8   -26.0   136.1
2021 12 09  1500   59557   54000    0    -2.0     2.4    -0.0     3.1    -0.7   129.3
2021 12 09  1600   59557   57600    0    -1.6     1.4     0.8     2.3    21.0   138.1
2021 12 09  1700   59557   61200    0    -1.8     0.7     1.2     2.3    31.0   157.5
2021 12 09  1800   59557   64800    0    -1.2    -0.1     0.5     1.3    23.9   183.0
2021 12 09  1900   59557   68400    0    -1.9    -0.1     0.3     1.9     8.5   182.9
2021 12 09  2000   59557   72000    0    -2.1     0.1     0.3     2.2     9.2   176.3
2021 12 09  2100   59557   75600    0    -2.5     0.7     0.4     2.6     9.2   163.9
2021 12 09  2200   59557   79200    0    -0.5     1.1    -0.1     1.2    -3.0   113.3
2021 12 09  2300   59557   82800    0    -1.1     1.1    -0.4     1.6   -15.4   134.1
2021 12 10  0000   59558       0    0    -1.2     1.3    -0.1     1.7    -2.2   133.5
2021 12 10  0100   59558    3600    0    -0.8     1.9    -0.5     2.1   -13.5   112.9
2021 12 10  0200   59558    7200    9  -999.9  -999.9  -999.9  -999.9  -999.9  -999.9
2021 12 10  0300   59558   10800    9  -999.9  -999.9  -999.9  -999.9  -999.9  -999.9
2021 12 10  0400   59558   14400    9  -999.9  -999.9  -999.9  -999.9  -999.9  -999.9
2021 12 10  0500   59558   18000    9  -999.9  -999.9  -999.9  -999.9  -999.9  -999.9
2021 12 10  0600   59558   21600    9  -999.9  -999.9  -999.9  -999.9  -999.9  -999.9
2021 12 10  0700   59558   25200    0    -3.2     0.4    -2.0     3.7   -31.6   173.2
2021 12 10  0800   59558   28800    0    -1.9     0.7    -1.3     2.5   -32.7   159.2
2021 12 10  0900   59558   32400    0    -2.7     1.3    -1.5     3.4   -26.9   153.8
2021 12 10  1000   59558   36000    0    -1.5     1.4    -0.9     2.2   -23.9   136.2
2021 12 10  1100   59558   39600    0    -2.1     1.4    -2.8     3.8   -49.1   146.7
2021 12 10  1200   59558   43200    0    -1.1     2.3    -1.2     2.8   -26.0   115.8
2021 12 10  1300   59558   46800    0    -1.3     1.1    -0.6     1.8   -19.2   139.9
2021 12 10  1400   59558   50400    0    -0.4    -0.4     0.0     0.5     1.8   225.9
2021 12 10  1500   59558   54000    0     2.1    -0.8     1.1     2.5    25.9   339.8
2021 12 10  1600   59558   57600    0     1.8    -0.1     3.4     3.8    61.8   357.3
2021 12 10  1700   59558   61200    0     2.4     5.9     2.0     6.7    17.8    67.6
2021 12 10  1800   59558   64800    0     2.5     4.6     1.7     5.5    17.8    61.8
2021 12 10  1900   59558   68400    0     2.2    -5.4     0.2     5.9     1.6   291.9
2021 12 10  2000   59558   72000    0     0.4    -7.0    -1.9     7.3   -15.1   273.3
2021 12 10  2100   59558   75600    0     1.7    -5.6     0.6     5.9     6.1   286.9
2021 12 10  2200   59558   79200    9  -999.9  -999.9  -999.9  -999.9  -999.9  -999.9
2021 12 10  2300   59558   82800    9  -999.9  -999.9  -999.9  -999.9  -999.9  -999.9
2021 12 11  0000   59559       0    9  -999.9  -999.9  -999.9  -999.9  -999.9  -999.9
2021 12 11  0100   59559    3600    9  -999.9  -999.9  -999.9  -999.9  -999.9  -999.9
2021 12 11  0200   59559    7200    9  -999.9  -999.9  -999.9  -999.9  -999.9  -999.9
2021 12 11  0300   59559   10800    9  -999.9  -999.9  -999.9  -999.9  -999.9  -999.9
2021 12 11  0400   59559   14400    9  -999.9  -999.9  -999.9  -999.9  -999.9  -999.9
2021 12 11  0500   59559   18000    9  -999.9  -999.9  -999.9  -999.9  -999.9  -999.9
2021 12 11  0600   59559   21600    9  -999.9  -999.9  -999.9  -999.9  -999.9  -999.9
2021 12 11  0700   59559   25200    0     1.0    -4.9     1.9     5.3    20.9   281.3
2021 12 11  0800   59559   28800    0     0.0    -5.6     1.4     5.8    14.2   270.0
2021 12 11  0900   59559   32400    0    -0.5    -5.6     1.4     5.8    14.2   264.7
2021 12 11  1000   59559   36000    0     0.3    -5.3     3.3     6.3    32.1   273.7
2021 12 11  1100   59559   39600    0     0.6    -5.1     3.1     6.0    31.0   277.0
2021 12 11  1200   59559   43200    0     2.6    -3.6     3.9     5.9    40.8   306.4
2021 12 11  1300   59559   46800    0     2.8    -4.5     3.5     6.4    33.7   302.2
2021 12 11  1400   59559   50400    0     3.2    -5.2     4.2     7.4    34.8   301.4
2021 12 11  1500   59559   54000    0     3.1    -6.0     3.7     7.7    28.8   296.9
2021 12 11  1600   59559   57600    9  -999.9  -999.9  -999.9  -999.9  -999.9  -999.9
2021 12 11  1700   59559   61200    0     4.0    -5.2    -0.6     6.6    -5.2   308.0
2021 12 11  1800   59559   64800    0     4.0    -4.7    -1.2     6.3   -11.3   310.1
2021 12 11  1900   59559   68400    0     2.3    -5.8    -0.4     6.3    -3.4   291.6
2021 12 11  2000   59559   72000    0     1.8    -4.6     0.5     5.0     6.0   290.9
2021 12 11  2100   59559   75600    0    -1.1    -6.1     1.6     6.4    14.3   259.9
2021 12 11  2200   59559   79200    0     0.8    -5.6     1.1     5.7    11.0   278.2
2021 12 11  2300   59559   82800    0     1.2    -6.2    -0.3     6.3    -2.4   281.4
2021 12 12  0000   59560       0    9  -999.9  -999.9  -999.9  -999.9  -999.9  -999.9
2021 12 12  0100   59560    3600    9  -999.9  -999.9  -999.9  -999.9  -999.9  -999.9
2021 12 12  0200   59560    7200    9  -999.9  -999.9  -999.9  -999.9  -999.9  -999.9
2021 12 12  0300   59560   10800    9  -999.9  -999.9  -999.9  -999.9  -999.9  -999.9
2021 12 12  0400   59560   14400    9  -999.9  -999.9  -999.9  -999.9  -999.9  -999.9
2021 12 12  0500   59560   18000    9  -999.9  -999.9  -999.9  -999.9  -999.9  -999.9
2021 12 12  0600   59560   21600    9  -999.9  -999.9  -999.9  -999.9  -999.9  -999.9
2021 12 12  0700   59560   25200    0     1.1    -5.0     2.4     5.7    25.5   282.0
2021 12 12  0800   59560   28800    0     1.0    -5.3     2.1     5.8    21.8   280.4
2021 12 12  0900   59560   32400    0     1.7    -5.2     0.5     5.5     5.3   288.4
2021 12 12  1000   59560   36000    0     2.1    -5.0     0.4     5.4     4.4   292.8
2021 12 12  1100   59560   39600    0     2.3    -4.3     1.2     5.1    14.0   298.4
2021 12 12  1200   59560   43200    0     2.4    -5.0    -0.2     5.6    -2.5   295.3
2021 12 12  1300   59560   46800    0     2.6    -4.2    -2.7     5.6   -29.2   301.6
2021 12 12  1400   59560   50400    0     0.7    -4.4     1.1     4.6    13.4   279.7
2021 12 12  1500   59560   54000    0     0.4    -5.4     0.3     5.4     2.9   273.8
2021 12 12  1600   59560   57600    0     2.5    -4.4    -2.2     5.5   -23.8   299.6
2021 12 12  1700   59560   61200    0     2.7    -4.9    -1.3     5.8   -12.9   299.1
2021 12 12  1800   59560   64800    0     2.4    -4.4    -1.1     5.1   -12.0   298.5
2021 12 12  1900   59560   68400    0     1.3    -4.2     0.6     4.4     7.4   287.5
2021 12 12  2000   59560   72000    0     2.6    -0.1    -1.8     3.1   -34.8   357.0
2021 12 12  2100   59560   75600    0     0.8     2.6    -1.2     3.0   -23.7    72.8
2021 12 12  2200   59560   79200    9  -999.9  -999.9  -999.9  -999.9  -999.9  -999.9
2021 12 12  2300   59560   82800    9  -999.9  -999.9  -999.9  -999.9  -999.9  -999.9
2021 12 13  0000   59561       0    9  -999.9  -999.9  -999.9  -999.9  -999.9  -999.9
2021 12 13  0100   59561    3600    9  -999.9  -999.9  -999.9  -999.9  -999.9  -999.9
2021 12 13  0200   59561    7200    9  -999.9  -999.9  -999.9  -999.9  -999.9  -999.9
2021 12 13  0300   59561   10800    9  -999.9  -999.9  -999.9  -999.9  -999.9  -999.9
2021 12 13  0400   59561   14400    9  -999.9  -999.9  -999.9  -999.9  -999.9  -999.9
2021 12 13  0500   59561   18000    9  -999.9  -999.9  -999.9  -999.9  -999.9  -999.9
2021 12 13  0600   59561   21600    9  -999.9  -999.9  -999.9  -999.9  -999.9  -999.9
2021 12 13  0700   59561   25200    0     1.9     7.0     1.6     7.4    12.2    74.9
2021 12 13  0800   59561   28800    0     3.5     1.7    -2.4     4.6   -31.9    25.8
2021 12 13  0900   59561   32400    0     3.0     2.6     0.2     4.0     3.1    40.2
2021 12 13  1000   59561   36000    0     0.5    -3.5     1.7     3.9    26.0   279.0
2021 12 13  1100   59561   39600    0     3.1    -3.1     4.2     6.1    43.9   314.5
2021 12 13  1200   59561   43200    0     3.8    -2.1     4.5     6.2    45.8   330.8
2021 12 13  1300   59561   46800    0     2.9    -2.0     5.5     6.5    57.3   325.7
2021 12 13  1400   59561   50400    0     2.7    -3.3     5.1     6.7    50.2   308.8
2021 12 13  1500   59561   54000    0     3.4    -2.2     5.4     6.8    53.4   326.8
2021 12 13  1600   59561   57600    0     3.2    -1.1     5.8     6.7    59.9   341.5
2021 12 13  1700   59561   61200    0     2.0    -1.4     5.1     5.7    64.2   324.5
2021 12 13  1800   59561   64800    0     2.1    -2.6     4.3     5.5    52.1   308.9
2021 12 13  1900   59561   68400    0     2.2     2.3     3.7     4.8    49.2    46.4
2021 12 13  2000   59561   72000    0     1.4     3.2     4.0     5.3    48.7    66.5
2021 12 13  2100   59561   75600    0     0.7     1.0     5.7     5.8    77.8    58.0
2021 12 13  2200   59561   79200    0    -0.0     1.5     4.6     4.9    72.0    91.4
2021 12 13  2300   59561   82800    0     0.5    -1.7     3.1     3.6    60.9   286.4
2021 12 14  0000   59562       0    9  -999.9  -999.9  -999.9  -999.9  -999.9  -999.9
2021 12 14  0100   59562    3600    9  -999.9  -999.9  -999.9  -999.9  -999.9  -999.9
2021 12 14  0200   59562    7200    9  -999.9  -999.9  -999.9  -999.9  -999.9  -999.9
2021 12 14  0300   59562   10800    9  -999.9  -999.9  -999.9  -999.9  -999.9  -999.9
2021 12 14  0400   59562   14400    9  -999.9  -999.9  -999.9  -999.9  -999.9  -999.9
2021 12 14  0500   59562   18000    9  -999.9  -999.9  -999.9  -999.9  -999.9  -999.9
2021 12 14  0600   59562   21600    9  -999.9  -999.9  -999.9  -999.9  -999.9  -999.9
2021 12 14  0700   59562   25200    0     0.4     4.1    -3.2     5.2   -37.8    83.7
2021 12 14  0800   59562   28800    0    -0.1     3.0    -0.5     3.0    -9.9    91.0
2021 12 14  0900   59562   32400    0     0.9     0.8    -2.5     2.8   -63.9    42.5
2021 12 14  1000   59562   36000    0    -2.0    -1.6    -1.1     2.8   -24.2   217.9
2021 12 14  1100   59562   39600    0    -2.4     0.3    -2.2     3.3   -42.2   171.9
2021 12 14  1200   59562   43200    0    -1.3     2.3    -1.9     3.3   -36.0   118.2
2021 12 14  1300   59562   46800    0    -1.4     2.8    -1.7     3.5   -28.8   116.4
2021 12 14  1400   59562   50400    0     0.2     0.5    -2.6     2.6   -77.6    64.3
2021 12 14  1500   59562   54000    0    -1.9    -0.6    -2.7     3.4   -53.9   197.6
2021 12 14  1600   59562   57600    0    -2.9    -0.7    -1.7     3.4   -29.5   192.7
2021 12 14  1700   59562   61200    0    -1.8    -1.9    -2.6     3.7   -45.1   226.5
2021 12 14  1800   59562   64800    9  -999.9  -999.9  -999.9  -999.9  -999.9  -999.9
2021 12 14  1900   59562   68400    0     3.7    -3.0     1.2     4.9    14.2   320.9
2021 12 14  2000   59562   72000    9  -999.9  -999.9  -999.9  -999.9  -999.9  -999.9
2021 12 14  2100   59562   75600    0     3.1    -4.5    -0.2     5.5    -1.7   305.2
2021 12 14  2200   59562   79200    9  -999.9  -999.9  -999.9  -999.9  -999.9  -999.9
2021 12 14  2300   59562   82800    9  -999.9  -999.9  -999.9  -999.9  -999.9  -999.9
2021 12 15  0000   59563       0    9  -999.9  -999.9  -999.9  -999.9  -999.9  -999.9
2021 12 15  0100   59563    3600    9  -999.9  -999.9  -999.9  -999.9  -999.9  -999.9
2021 12 15  0200   59563    7200    9  -999.9  -999.9  -999.9  -999.9  -999.9  -999.9
2021 12 15  0300   59563   10800    9  -999.9  -999.9  -999.9  -999.9  -999.9  -999.9
2021 12 15  0400   59563   14400    9  -999.9  -999.9  -999.9  -999.9  -999.9  -999.9
2021 12 15  0500   59563   18000    9  -999.9  -999.9  -999.9  -999.9  -999.9  -999.9
2021 12 15  0600   59563   21600    9  -999.9  -999.9  -999.9  -999.9  -999.9  -999.9
2021 12 15  0700   59563   25200    9  -999.9  -999.9  -999.9  -999.9  -999.9  -999.9
2021 12 15  0800   59563   28800    0     2.7    -6.2    -5.2     8.6   -37.6   293.8
2021 12 15  0900   59563   32400    0     2.8    -4.0     3.5     6.0    35.6   305.0
2021 12 15  1000   59563   36000    0     4.0     0.5     4.2     5.8    46.2     7.5
2021 12 15  1100   59563   39600    0     2.3    -5.4     1.3     6.0    12.4   292.9
2021 12 15  1200   59563   43200    0     4.5    -3.7     0.9     5.9     9.1   320.7
2021 12 15  1300   59563   46800    0    -0.4    -5.4     3.2     6.3    31.0   265.7
2021 12 15  1400   59563   50400    0     2.6    -2.0     0.4     3.3     6.5   322.5
2021 12 15  1500   59563   54000    0     3.8    -5.2     2.4     6.9    20.6   305.8
2021 12 15  1600   59563   57600    0     2.3    -4.2     3.5     5.8    36.0   299.0
2021 12 15  1700   59563   61200    0     1.7    -3.7     3.3     5.3    38.7   294.7
2021 12 15  1800   59563   64800    0     1.5    -4.2     2.9     5.4    32.6   289.2
2021 12 15  1900   59563   68400    0     3.8    -2.8    -1.2     4.9   -14.1   323.9
2021 12 15  2000   59563   72000    0     2.2    -2.5     1.4     3.6    23.3   312.3
2021 12 15  2100   59563   75600    0     4.3     2.5     1.3     5.1    14.8    30.0
2021 12 15  2200   59563   79200    9  -999.9  -999.9  -999.9  -999.9  -999.9  -999.9
2021 12 15  2300   59563   82800    9  -999.9  -999.9  -999.9  -999.9  -999.9  -999.9
2021 12 16  0000   59564       0    9  -999.9  -999.9  -999.9  -999.9  -999.9  -999.9
2021 12 16  0100   59564    3600    9  -999.9  -999.9  -999.9  -999.9  -999.9  -999.9
2021 12 16  0200   59564    7200    9  -999.9  -999.9  -999.9  -999.9  -999.9  -999.9
2021 12 16  0300   59564   10800    9  -999.9  -999.9  -999.9  -999.9  -999.9  -999.9
2021 12 16  0400   59564   14400    9  -999.9  -999.9  -999.9  -999.9  -999.9  -999.9
2021 12 16  0500   59564   18000    9  -999.9  -999.9  -999.9  -999.9  -999.9  -999.9
2021 12 16  0600   59564   21600    9  -999.9  -999.9  -999.9  -999.9  -999.9  -999.9
2021 12 16  0700   59564   25200    9  -999.9  -999.9  -999.9  -999.9  -999.9  -999.9
2021 12 16  0800   59564   28800    0    -1.4    -1.4    -3.0     3.6   -57.3   225.6
2021 12 16  0900   59564   32400    0    -1.2    -3.6     0.7     3.8    10.7   251.6
2021 12 16  1000   59564   36000    0    -2.2    -3.0    -0.7     3.8   -10.5   234.3
2021 12 16  1100   59564   39600    0    -1.5    -3.1     4.1     5.3    50.1   244.3
2021 12 16  1200   59564   43200    0     0.3    -2.3     4.2     4.8    60.6   276.8
2021 12 16  1300   59564   46800    0     1.2    -1.5     4.6     5.1    66.9   308.8
2021 12 16  1400   59564   50400    9  -999.9  -999.9  -999.9  -999.9  -999.9  -999.9
2021 12 16  1500   59564   54000    9  -999.9  -999.9  -999.9  -999.9  -999.9  -999.9
2021 12 16  1600   59564   57600    9  -999.9  -999.9  -999.9  -999.9  -999.9  -999.9
2021 12 16  1700   59564   61200    0    -3.5    -1.7    -0.1     3.9    -1.2   206.4
2021 12 16  1800   59564   64800    0     2.9    -2.0     1.7     4.0    25.0   325.5
2021 12 16  1900   59564   68400    0     3.6    -1.5     0.8     3.9    12.1   337.8
2021 12 16  2000   59564   72000    0     2.8    -2.8     0.6     4.0     8.2   315.4
2021 12 16  2100   59564   75600    0     3.2    -2.3    -0.3     4.0    -4.6   324.6
2021 12 16  2200   59564   79200    9  -999.9  -999.9  -999.9  -999.9  -999.9  -999.9
2021 12 16  2300   59564   82800    9  -999.9  -999.9  -999.9  -999.9  -999.9  -999.9
2021 12 17  0000   59565       0    9  -999.9  -999.9  -999.9  -999.9  -999.9  -999.9
2021 12 17  0100   59565    3600    9  -999.9  -999.9  -999.9  -999.9  -999.9  -999.9
2021 12 17  0200   59565    7200    9  -999.9  -999.9  -999.9  -999.9  -999.9  -999.9
2021 12 17  0300   59565   10800    9  -999.9  -999.9  -999.9  -999.9  -999.9  -999.9
2021 12 17  0400   59565   14400    9  -999.9  -999.9  -999.9  -999.9  -999.9  -999.9
2021 12 17  0500   59565   18000    9  -999.9  -999.9  -999.9  -999.9  -999.9  -999.9
2021 12 17  0600   59565   21600    9  -999.9  -999.9  -999.9  -999.9  -999.9  -999.9
2021 12 17  0700   59565   25200    9  -999.9  -999.9  -999.9  -999.9  -999.9  -999.9
2021 12 17  0800   59565   28800    0     1.0    -2.0    -0.2     2.2    -5.1   295.8
2021 12 17  0900   59565   32400    9  -999.9  -999.9  -999.9  -999.9  -999.9  -999.9
2021 12 17  1000   59565   36000    0     1.8    -0.7     0.5     2.0    15.9   338.9
2021 12 17  1100   59565   39600    0    -0.6    -1.9    -0.2     2.0    -5.6   251.7
2021 12 17  1200   59565   43200    0     0.4    -1.7     0.2     1.8     6.5   283.9
2021 12 17  1300   59565   46800    0     1.2    -1.2     1.6     2.3    43.5   314.7
2021 12 17  1400   59565   50400    0     2.5    -0.5     0.8     2.6    17.0   348.6
2021 12 17  1500   59565   54000    0     2.5     0.5     0.1     2.6     1.4    11.6
2021 12 17  1600   59565   57600    0     2.3     0.0     1.1     2.5    25.4     0.7
2021 12 17  1700   59565   61200    0     2.2    -1.3     1.0     2.7    22.3   329.8
2021 12 17  1800   59565   64800    0     1.3    -1.1     1.2     2.0    34.6   320.7
2021 12 17  1900   59565   68400    0    -2.2    -1.6    -0.2     2.7    -4.2   216.0
2021 12 17  2000   59565   72000    0    -2.9    -0.9    -0.7     3.1   -13.5   197.4
2021 12 17  2100   59565   75600    0    -3.0    -1.1    -1.2     3.4   -21.1   199.8
2021 12 17  2200   59565   79200    9  -999.9  -999.9  -999.9  -999.9  -999.9  -999.9
2021 12 17  2300   59565   82800    9  -999.9  -999.9  -999.9  -999.9  -999.9  -999.9
2021 12 18  0000   59566       0    9  -999.9  -999.9  -999.9  -999.9  -999.9  -999.9
2021 12 18  0100   59566    3600    9  -999.9  -999.9  -999.9  -999.9  -999.9  -999.9
2021 12 18  0200   59566    7200    9  -999.9  -999.9  -999.9  -999.9  -999.9  -999.9
2021 12 18  0300   59566   10800    9  -999.9  -999.9  -999.9  -999.9  -999.9  -999.9
2021 12 18  0400   59566   14400    9  -999.9  -999.9  -999.9  -999.9  -999.9  -999.9
2021 12 18  0500   59566   18000    9  -999.9  -999.9  -999.9  -999.9  -999.9  -999.9
2021 12 18  0600   59566   21600    9  -999.9  -999.9  -999.9  -999.9  -999.9  -999.9
2021 12 18  0700   59566   25200    9  -999.9  -999.9  -999.9  -999.9  -999.9  -999.9
2021 12 18  0800   59566   28800    9  -999.9  -999.9  -999.9  -999.9  -999.9  -999.9
2021 12 18  0900   59566   32400    9  -999.9  -999.9  -999.9  -999.9  -999.9  -999.9
2021 12 18  1000   59566   36000    9  -999.9  -999.9  -999.9  -999.9  -999.9  -999.9
2021 12 18  1100   59566   39600    9  -999.9  -999.9  -999.9  -999.9  -999.9  -999.9
2021 12 18  1200   59566   43200    9  -999.9  -999.9  -999.9  -999.9  -999.9  -999.9
2021 12 18  1300   59566   46800    0    -0.7    -3.2    -0.7     3.3   -11.9   257.7
2021 12 18  1400   59566   50400    0    -1.4    -2.5    -1.1     3.1   -21.3   239.6
2021 12 18  1500   59566   54000    0     1.2    -2.0    -0.6     2.4   -13.8   300.5
2021 12 18  1600   59566   57600    0     1.8    -1.5     0.3     2.3     6.7   319.1
2021 12 18  1700   59566   61200    0     1.9    -1.4    -0.7     2.4   -16.1   322.8
2021 12 18  1800   59566   64800    0    -0.9    -1.9    -2.1     3.0   -45.6   244.7
2021 12 18  1900   59566   68400    0     3.1    -0.8     0.9     3.3    16.0   345.7
2021 12 18  2000   59566   72000    0     3.0    -1.4     1.0     3.4    16.5   334.5
2021 12 18  2100   59566   75600    0     2.2    -1.1     0.6     2.5    13.1   332.2
2021 12 18  2200   59566   79200    9  -999.9  -999.9  -999.9  -999.9  -999.9  -999.9
2021 12 18  2300   59566   82800    9  -999.9  -999.9  -999.9  -999.9  -999.9  -999.9
2021 12 19  0000   59567       0    9  -999.9  -999.9  -999.9  -999.9  -999.9  -999.9
2021 12 19  0100   59567    3600    9  -999.9  -999.9  -999.9  -999.9  -999.9  -999.9
2021 12 19  0200   59567    7200    9  -999.9  -999.9  -999.9  -999.9  -999.9  -999.9
2021 12 19  0300   59567   10800    9  -999.9  -999.9  -999.9  -999.9  -999.9  -999.9
2021 12 19  0400   59567   14400    9  -999.9  -999.9  -999.9  -999.9  -999.9  -999.9
2021 12 19  0500   59567   18000    9  -999.9  -999.9  -999.9  -999.9  -999.9  -999.9
2021 12 19  0600   59567   21600    9  -999.9  -999.9  -999.9  -999.9  -999.9  -999.9
2021 12 19  0700   59567   25200    9  -999.9  -999.9  -999.9  -999.9  -999.9  -999.9
2021 12 19  0800   59567   28800    0     2.7    -2.2     1.3     3.7    20.6   320.8
2021 12 19  0900   59567   32400    0    -0.6    -3.7    -0.6     3.8    -8.9   261.5
2021 12 19  1000   59567   36000    0     0.6    -3.5     0.3     3.5     5.0   280.1
2021 12 19  1100   59567   39600    9  -999.9  -999.9  -999.9  -999.9  -999.9  -999.9
2021 12 19  1200   59567   43200    0     2.0    -7.0     1.5     7.4    11.8   285.7
2021 12 19  1300   59567   46800    0     3.7    -5.9     5.6     9.0    38.6   302.2
2021 12 19  1400   59567   50400    0     2.8    -6.7     6.8     9.9    43.1   292.8
2021 12 19  1500   59567   54000    0     4.1   -10.1    -1.3    11.0    -6.9   292.0
2021 12 19  1600   59567   57600    0    -1.3    -3.3    -8.5     9.3   -67.2   248.7
2021 12 19  1700   59567   61200    0    -7.3    -3.4    -7.7    11.1   -43.7   204.7
2021 12 19  1800   59567   64800    0    -1.2    -9.7    -2.4    10.0   -13.6   262.9
2021 12 19  1900   59567   68400    0     6.1   -14.4     6.1    16.8    21.4   292.9
2021 12 19  2000   59567   72000    0    -5.2   -12.5   -11.4    17.7   -40.1   247.6
2021 12 19  2100   59567   75600    0     7.8   -14.4     4.8    17.0    16.3   298.5
2021 12 19  2200   59567   79200    9  -999.9  -999.9  -999.9  -999.9  -999.9  -999.9
2021 12 19  2300   59567   82800    9  -999.9  -999.9  -999.9  -999.9  -999.9  -999.9
2021 12 20  0000   59568       0    9  -999.9  -999.9  -999.9  -999.9  -999.9  -999.9
2021 12 20  0100   59568    3600    9  -999.9  -999.9  -999.9  -999.9  -999.9  -999.9
2021 12 20  0200   59568    7200    9  -999.9  -999.9  -999.9  -999.9  -999.9  -999.9
2021 12 20  0300   59568   10800    9  -999.9  -999.9  -999.9  -999.9  -999.9  -999.9
2021 12 20  0400   59568   14400    9  -999.9  -999.9  -999.9  -999.9  -999.9  -999.9
2021 12 20  0500   59568   18000    9  -999.9  -999.9  -999.9  -999.9  -999.9  -999.9
2021 12 20  0600   59568   21600    9  -999.9  -999.9  -999.9  -999.9  -999.9  -999.9
2021 12 20  0700   59568   25200    9  -999.9  -999.9  -999.9  -999.9  -999.9  -999.9
2021 12 20  0800   59568   28800    0     1.6    -4.2    -0.2     4.5    -2.9   290.6
2021 12 20  0900   59568   32400    0     2.7     0.6     5.7     6.3    64.2    12.0
2021 12 20  1000   59568   36000    0     2.3     4.4     3.2     5.9    33.1    61.9
2021 12 20  1100   59568   39600    0     1.8     2.9     4.3     5.5    51.7    57.9
2021 12 20  1200   59568   43200    0     1.6     3.8     2.5     4.8    31.6    67.1
2021 12 20  1300   59568   46800    0     1.4    -1.7    -1.8     2.9   -39.6   309.2
2021 12 20  1400   59568   50400    0     4.0    -4.1    -1.5     5.9   -14.6   313.7
2021 12 20  1500   59568   54000    0     4.9    -3.2    -1.4     6.0   -13.9   326.4
2021 12 20  1600   59568   57600    0     3.8    -4.0    -1.0     5.6   -10.7   313.5
2021 12 20  1700   59568   61200    0     2.8     1.1     3.1     4.3    45.1    22.0
2021 12 20  1800   59568   64800    0     2.3     0.3     3.1     3.9    53.4     6.8
2021 12 20  1900   59568   68400    0     3.0    -2.6    -0.6     4.0    -8.6   319.2
2021 12 20  2000   59568   72000    0     4.1    -2.9    -0.2     5.0    -2.0   324.3
2021 12 20  2100   59568   75600    2     3.3    -1.2     0.8     3.6    12.1   339.4
2021 12 20  2200   59568   79200    0     1.7    -2.6     0.2     3.1     4.2   304.0
2021 12 20  2300   59568   82800    0     2.2    -3.4     0.3     4.1     4.6   303.3
2021 12 21  0000   59569       0    0     3.9    -1.1     1.8     4.4    24.0   344.0
2021 12 21  0100   59569    3600    9  -999.9  -999.9  -999.9  -999.9  -999.9  -999.9
2021 12 21  0200   59569    7200    9  -999.9  -999.9  -999.9  -999.9  -999.9  -999.9
2021 12 21  0300   59569   10800    9  -999.9  -999.9  -999.9  -999.9  -999.9  -999.9
2021 12 21  0400   59569   14400    9  -999.9  -999.9  -999.9  -999.9  -999.9  -999.9
2021 12 21  0500   59569   18000    0     3.3    -2.5     1.6     4.4    21.3   322.0
2021 12 21  0600   59569   21600    9  -999.9  -999.9  -999.9  -999.9  -999.9  -999.9
2021 12 21  0700   59569   25200    9  -999.9  -999.9  -999.9  -999.9  -999.9  -999.9
2021 12 21  0800   59569   28800    0     2.8    -3.2     1.1     4.4    15.0   310.8
2021 12 21  0900   59569   32400    0     3.4    -2.6     1.5     4.6    19.8   322.9
2021 12 21  1000   59569   36000    0     3.9    -1.1     0.2     4.1     3.4   344.5
2021 12 21  1100   59569   39600    0     3.5    -1.7    -0.4     3.9    -6.3   334.4
2021 12 21  1200   59569   43200    0     3.3    -1.9    -1.8     4.2   -25.7   330.2
2021 12 21  1300   59569   46800    0     3.4    -1.0    -1.9     4.0   -27.8   343.2
2021 12 21  1400   59569   50400    0     1.7    -3.2     0.7     3.7    10.5   297.4
2021 12 21  1500   59569   54000    0     2.4    -2.0     1.4     3.4    25.1   319.8
2021 12 21  1600   59569   57600    0     1.8    -3.9    -1.6     4.6   -20.6   295.5
2021 12 21  1700   59569   61200    0     1.9    -1.9    -2.2     3.4   -39.5   315.1
2021 12 21  1800   59569   64800    0     1.7    -1.4    -0.4     2.2    -9.7   319.6
2021 12 21  1900   59569   68400    0     2.7    -0.7     1.3     3.1    26.0   346.2
2021 12 21  2000   59569   72000    0    -0.9    -3.2     3.3     4.7    44.5   253.4
2021 12 21  2100   59569   75600    0    -2.4    -4.6     1.7     5.5    18.4   242.5
2021 12 21  2200   59569   79200    0    -3.1    -3.8     2.6     5.5    28.6   230.8
2021 12 21  2300   59569   82800    0    -1.8    -5.1     0.0     5.4     0.5   250.3
2021 12 22  0000   59570       0    9  -999.9  -999.9  -999.9  -999.9  -999.9  -999.9
2021 12 22  0100   59570    3600    9  -999.9  -999.9  -999.9  -999.9  -999.9  -999.9
2021 12 22  0200   59570    7200    9  -999.9  -999.9  -999.9  -999.9  -999.9  -999.9
2021 12 22  0300   59570   10800    9  -999.9  -999.9  -999.9  -999.9  -999.9  -999.9
2021 12 22  0400   59570   14400    9  -999.9  -999.9  -999.9  -999.9  -999.9  -999.9
2021 12 22  0500   59570   18000    9  -999.9  -999.9  -999.9  -999.9  -999.9  -999.9
2021 12 22  0600   59570   21600    9  -999.9  -999.9  -999.9  -999.9  -999.9  -999.9
2021 12 22  0700   59570   25200    0     3.0    -2.7    -1.2     4.2   -16.8   318.7
2021 12 22  0800   59570   28800    0     1.7    -3.5     0.9     4.0    13.4   295.6
2021 12 22  0900   59570   32400    0     1.0    -3.6     1.8     4.1    25.6   285.9
2021 12 22  1000   59570   36000    0     2.8    -1.5    -0.2     3.2    -2.8   331.4
2021 12 22  1100   59570   39600    0     3.0    -1.0     0.3     3.2     5.8   340.9
2021 12 22  1200   59570   43200    0     3.5    -0.1    -0.1     3.5    -2.0   358.9
2021 12 22  1300   59570   46800    0     2.9     0.6    -0.5     3.0   -10.1    10.8
2021 12 22  1400   59570   50400    0     3.1     0.6     0.4     3.2     6.5    10.6
2021 12 22  1500   59570   54000    0     2.6    -0.5    -1.1     2.9   -22.6   350.1
2021 12 22  1600   59570   57600    0     3.0    -0.0    -2.6     3.9   -41.0   359.4
2021 12 22  1700   59570   61200    0     2.4    -2.6    -1.2     3.7   -19.1   312.9
2021 12 22  1800   59570   64800    0     2.0    -3.4    -1.7     4.3   -23.6   299.6
2021 12 22  1900   59570   68400    0     2.4     1.3    -2.2     3.5   -38.8    29.3
2021 12 22  2000   59570   72000    0     3.1    -0.4    -0.5     3.1    -9.9   352.1
2021 12 22  2100   59570   75600    9  -999.9  -999.9  -999.9  -999.9  -999.9  -999.9
2021 12 22  2200   59570   79200    9  -999.9  -999.9  -999.9  -999.9  -999.9  -999.9
2021 12 22  2300   59570   82800    9  -999.9  -999.9  -999.9  -999.9  -999.9  -999.9
2021 12 23  0000   59571       0    9  -999.9  -999.9  -999.9  -999.9  -999.9  -999.9
2021 12 23  0100   59571    3600    9  -999.9  -999.9  -999.9  -999.9  -999.9  -999.9
2021 12 23  0200   59571    7200    9  -999.9  -999.9  -999.9  -999.9  -999.9  -999.9
2021 12 23  0300   59571   10800    9  -999.9  -999.9  -999.9  -999.9  -999.9  -999.9
2021 12 23  0400   59571   14400    9  -999.9  -999.9  -999.9  -999.9  -999.9  -999.9
2021 12 23  0500   59571   18000    0     1.5    -1.6     0.6     2.2    14.2   311.8
2021 12 23  0600   59571   21600    9  -999.9  -999.9  -999.9  -999.9  -999.9  -999.9
2021 12 23  0700   59571   25200    9  -999.9  -999.9  -999.9  -999.9  -999.9  -999.9
2021 12 23  0800   59571   28800    0     3.2    -2.2     0.9     4.0    13.4   325.4
2021 12 23  0900   59571   32400    0     0.4    -3.4     1.2     3.6    19.3   277.5
2021 12 23  1000   59571   36000    0     2.5    -2.1     2.0     3.8    32.2   319.5
2021 12 23  1100   59571   39600    0     2.9    -2.0     0.8     3.6    12.3   325.0
2021 12 23  1200   59571   43200    0     3.3    -1.1     0.5     3.5     8.4   341.3
2021 12 23  1300   59571   46800    0     1.7    -2.7     2.0     3.8    31.8   302.5
2021 12 23  1400   59571   50400    0     1.8    -2.7     1.7     3.6    28.1   303.7
2021 12 23  1500   59571   54000    0     1.2    -2.9     2.1     3.8    34.2   293.0
2021 12 23  1600   59571   57600    0     2.3    -3.0     0.7     3.9    10.9   307.8
2021 12 23  1700   59571   61200    0     1.3    -3.1    -0.7     3.4   -11.3   292.3
2021 12 23  1800   59571   64800    0     0.5    -4.2    -1.5     4.5   -19.2   276.8
2021 12 23  1900   59571   68400    0     0.9    -4.0     1.4     4.4    19.0   283.2
2021 12 23  2000   59571   72000    0     0.3    -4.1     1.3     4.3    17.7   274.6
2021 12 23  2100   59571   75600    0     1.0    -2.8     1.1     3.2    20.0   288.6
2021 12 23  2200   59571   79200    9  -999.9  -999.9  -999.9  -999.9  -999.9  -999.9
2021 12 23  2300   59571   82800    9  -999.9  -999.9  -999.9  -999.9  -999.9  -999.9
2021 12 24  0000   59572       0    9  -999.9  -999.9  -999.9  -999.9  -999.9  -999.9
2021 12 24  0100   59572    3600    9  -999.9  -999.9  -999.9  -999.9  -999.9  -999.9
2021 12 24  0200   59572    7200    9  -999.9  -999.9  -999.9  -999.9  -999.9  -999.9
2021 12 24  0300   59572   10800    9  -999.9  -999.9  -999.9  -999.9  -999.9  -999.9
2021 12 24  0400   59572   14400    0     0.9    -2.3    -0.6     2.5   -13.7   291.0
2021 12 24  0500   59572   18000    0     0.1    -2.1    -1.5     2.6   -34.9   271.7
2021 12 24  0600   59572   21600    9  -999.9  -999.9  -999.9  -999.9  -999.9  -999.9
2021 12 24  0700   59572   25200    9  -999.9  -999.9  -999.9  -999.9  -999.9  -999.9
2021 12 24  0800   59572   28800    0     0.5     0.3     2.7     2.8    77.7    26.3
2021 12 24  0900   59572   32400    9  -999.9  -999.9  -999.9  -999.9  -999.9  -999.9
2021 12 24  1000   59572   36000    0     2.9     0.8     0.3     3.0     5.5    15.6
2021 12 24  1100   59572   39600    0     2.8    -0.6     0.9     3.0    17.7   347.5
2021 12 24  1200   59572   43200    0     2.7    -1.4     0.2     3.1     4.0   332.6
2021 12 24  1300   59572   46800    0     3.5    -1.0    -0.3     3.7    -5.0   343.7
2021 12 24  1400   59572   50400    0     3.5    -1.5    -0.9     3.9   -13.7   337.4
2021 12 24  1500   59572   54000    0     3.3    -1.2    -1.5     3.8   -23.7   339.2
2021 12 24  1600   59572   57600    0     2.0    -1.4    -3.1     4.0   -51.7   324.0
2021 12 24  1700   59572   61200    0     2.5    -1.8    -0.8     3.2   -14.8   323.8
2021 12 24  1800   59572   64800    0     3.3     0.4    -1.4     3.6   -22.8     6.6
2021 12 24  1900   59572   68400    0     1.6    -2.8    -0.4     3.2    -8.0   300.1
2021 12 24  2000   59572   72000    0     1.1    -2.8    -2.8     4.2   -43.2   292.1
2021 12 24  2100   59572   75600    0     1.9    -2.1    -2.9     4.1   -45.1   311.9
2021 12 24  2200   59572   79200    9  -999.9  -999.9  -999.9  -999.9  -999.9  -999.9
2021 12 24  2300   59572   82800    9  -999.9  -999.9  -999.9  -999.9  -999.9  -999.9
2021 12 25  0000   59573       0    9  -999.9  -999.9  -999.9  -999.9  -999.9  -999.9
2021 12 25  0100   59573    3600    9  -999.9  -999.9  -999.9  -999.9  -999.9  -999.9
2021 12 25  0200   59573    7200    9  -999.9  -999.9  -999.9  -999.9  -999.9  -999.9
2021 12 25  0300   59573   10800    9  -999.9  -999.9  -999.9  -999.9  -999.9  -999.9
2021 12 25  0400   59573   14400    9  -999.9  -999.9  -999.9  -999.9  -999.9  -999.9
2021 12 25  0500   59573   18000    9  -999.9  -999.9  -999.9  -999.9  -999.9  -999.9
2021 12 25  0600   59573   21600    9  -999.9  -999.9  -999.9  -999.9  -999.9  -999.9
2021 12 25  0700   59573   25200    0     1.2     0.4    -4.4     4.6   -74.4    18.6
2021 12 25  0800   59573   28800    0     0.7     0.5    -3.6     3.7   -75.5    36.4
2021 12 25  0900   59573   32400    0     1.6     1.3    -3.3     3.9   -57.9    38.9
2021 12 25  1000   59573   36000    0     2.5     1.8    -3.2     4.5   -46.0    36.3
2021 12 25  1100   59573   39600    0     1.0     3.4    -0.9     3.6   -14.6    73.6
2021 12 25  1200   59573   43200    0     1.9     2.2    -2.4     3.8   -38.9    49.0
2021 12 25  1300   59573   46800    0     1.5     1.7    -3.4     4.1   -56.2    49.0
2021 12 25  1400   59573   50400    0     0.9     2.4    -3.2     4.1   -51.1    69.7
2021 12 25  1500   59573   54000    0     2.6     1.0    -3.6     4.5   -51.9    20.3
2021 12 25  1600   59573   57600    0     2.7    -1.4    -2.2     3.8   -35.1   332.2
2021 12 25  1700   59573   61200    0     2.6    -0.9    -2.5     3.7   -42.4   341.6
2021 12 25  1800   59573   64800    0     2.7    -1.1    -1.7     3.4   -30.3   337.8
2021 12 25  1900   59573   68400    0     2.3    -2.2    -0.9     3.3   -15.3   315.9
2021 12 25  2000   59573   72000    0     2.5    -1.8    -2.2     3.8   -35.4   323.5
2021 12 25  2100   59573   75600    0     2.9    -1.9    -1.5     3.8   -23.3   326.8
2021 12 25  2200   59573   79200    9  -999.9  -999.9  -999.9  -999.9  -999.9  -999.9
2021 12 25  2300   59573   82800    9  -999.9  -999.9  -999.9  -999.9  -999.9  -999.9
2021 12 26  0000   59574       0    9  -999.9  -999.9  -999.9  -999.9  -999.9  -999.9
2021 12 26  0100   59574    3600    9  -999.9  -999.9  -999.9  -999.9  -999.9  -999.9
2021 12 26  0200   59574    7200    9  -999.9  -999.9  -999.9  -999.9  -999.9  -999.9
2021 12 26  0300   59574   10800    9  -999.9  -999.9  -999.9  -999.9  -999.9  -999.9
2021 12 26  0400   59574   14400    9  -999.9  -999.9  -999.9  -999.9  -999.9  -999.9
2021 12 26  0500   59574   18000    9  -999.9  -999.9  -999.9  -999.9  -999.9  -999.9
2021 12 26  0600   59574   21600    9  -999.9  -999.9  -999.9  -999.9  -999.9  -999.9
2021 12 26  0700   59574   25200    0     0.2    -3.3    -0.6     3.4   -10.1   273.7
2021 12 26  0800   59574   28800    0    -0.4    -2.9    -1.9     3.5   -33.8   261.2
2021 12 26  0900   59574   32400    0    -0.1    -3.0    -1.7     3.5   -29.1   268.6
2021 12 26  1000   59574   36000    0     0.8    -3.0    -0.1     3.2    -1.9   285.3
2021 12 26  1100   59574   39600    0     0.6    -3.0     0.6     3.1    11.0   282.0
2021 12 26  1200   59574   43200    0     0.7    -2.0     1.4     2.6    32.7   290.1
2021 12 26  1300   59574   46800    0    -0.4     1.5     1.2     2.0    36.6   105.6
2021 12 26  1400   59574   50400    0    -1.1     2.4     0.5     2.7    10.2   115.6
2021 12 26  1500   59574   54000    0    -1.1     0.8     0.6     1.5    24.7   141.9
2021 12 26  1600   59574   57600    0     0.0    -0.3     1.9     1.9    79.7   277.0
2021 12 26  1700   59574   61200    0    -3.0     0.0     0.0     3.0     0.0   179.4
2021 12 26  1800   59574   64800    0    -3.6    -0.4    -1.2     3.8   -18.5   186.8
2021 12 26  1900   59574   68400    0    -3.7    -0.9    -1.4     4.1   -20.5   192.9
2021 12 26  2000   59574   72000    0    -3.5    -0.9    -0.9     3.7   -14.3   195.3
2021 12 26  2100   59574   75600    0    -3.7    -0.4    -1.2     3.9   -18.8   186.7
2021 12 26  2200   59574   79200    9  -999.9  -999.9  -999.9  -999.9  -999.9  -999.9
2021 12 26  2300   59574   82800    9  -999.9  -999.9  -999.9  -999.9  -999.9  -999.9
2021 12 27  0000   59575       0    9  -999.9  -999.9  -999.9  -999.9  -999.9  -999.9
2021 12 27  0100   59575    3600    9  -999.9  -999.9  -999.9  -999.9  -999.9  -999.9
2021 12 27  0200   59575    7200    9  -999.9  -999.9  -999.9  -999.9  -999.9  -999.9
2021 12 27  0300   59575   10800    9  -999.9  -999.9  -999.9  -999.9  -999.9  -999.9
2021 12 27  0400   59575   14400    9  -999.9  -999.9  -999.9  -999.9  -999.9  -999.9
2021 12 27  0500   59575   18000    9  -999.9  -999.9  -999.9  -999.9  -999.9  -999.9
2021 12 27  0600   59575   21600    9  -999.9  -999.9  -999.9  -999.9  -999.9  -999.9
2021 12 27  0700   59575   25200    9  -999.9  -999.9  -999.9  -999.9  -999.9  -999.9
2021 12 27  0800   59575   28800    9  -999.9  -999.9  -999.9  -999.9  -999.9  -999.9
2021 12 27  0900   59575   32400    9  -999.9  -999.9  -999.9  -999.9  -999.9  -999.9
2021 12 27  1000   59575   36000    9  -999.9  -999.9  -999.9  -999.9  -999.9  -999.9
2021 12 27  1100   59575   39600    9  -999.9  -999.9  -999.9  -999.9  -999.9  -999.9
2021 12 27  1200   59575   43200    0     2.0   -11.3     3.4    12.0    16.5   280.1
2021 12 27  1300   59575   46800    0     5.1    -9.1     7.4    12.8    35.2   299.2
2021 12 27  1400   59575   50400    0     3.9     4.0     5.5     7.8    45.0    45.6
2021 12 27  1500   59575   54000    0    -0.8     7.3    -1.8     7.6   -13.7    96.3
2021 12 27  1600   59575   57600    0     3.0     4.2     3.3     6.1    33.1    54.6
2021 12 27  1700   59575   61200    0     1.4     8.1     3.4     8.9    22.7    80.1
2021 12 27  1800   59575   64800    0    -0.4     4.5     0.6     4.6     8.1    95.2
2021 12 27  1900   59575   68400    0    -0.9     3.8     2.7     4.8    35.0   103.8
2021 12 27  2000   59575   72000    0    -2.3     3.1     1.7     4.2    23.5   126.9
2021 12 27  2100   59575   75600    0    -3.6     3.6     0.8     5.2     8.8   134.8
2021 12 27  2200   59575   79200    9  -999.9  -999.9  -999.9  -999.9  -999.9  -999.9
2021 12 27  2300   59575   82800    9  -999.9  -999.9  -999.9  -999.9  -999.9  -999.9
2021 12 28  0000   59576       0    9  -999.9  -999.9  -999.9  -999.9  -999.9  -999.9
2021 12 28  0100   59576    3600    9  -999.9  -999.9  -999.9  -999.9  -999.9  -999.9
2021 12 28  0200   59576    7200    9  -999.9  -999.9  -999.9  -999.9  -999.9  -999.9
2021 12 28  0300   59576   10800    9  -999.9  -999.9  -999.9  -999.9  -999.9  -999.9
2021 12 28  0400   59576   14400    0    -2.1     0.1     0.3     2.2     7.1   176.3
2021 12 28  0500   59576   18000    0    -1.0     1.1    -2.8     3.2   -62.0   131.8
2021 12 28  0600   59576   21600    9  -999.9  -999.9  -999.9  -999.9  -999.9  -999.9
2021 12 28  0700   59576   25200    0    -4.4     7.0    -4.1     9.2   -26.3   122.1
2021 12 28  0800   59576   28800    0     0.9     3.0     0.2     3.1     3.6    74.0
2021 12 28  0900   59576   32400    9  -999.9  -999.9  -999.9  -999.9  -999.9  -999.9
2021 12 28  1000   59576   36000    9  -999.9  -999.9  -999.9  -999.9  -999.9  -999.9
2021 12 28  1100   59576   39600    9  -999.9  -999.9  -999.9  -999.9  -999.9  -999.9
2021 12 28  1200   59576   43200    0    -4.2     6.2    -2.6     8.0   -19.0   124.2
2021 12 28  1300   59576   46800    0    -2.6     6.6    -1.7     7.3   -13.5   111.6
2021 12 28  1400   59576   50400    0    -0.7     6.5    -3.3     7.3   -26.7    96.5
2021 12 28  1500   59576   54000    0    -0.8     5.6    -3.2     6.5   -29.9    98.5
2021 12 28  1600   59576   57600    0    -0.5     3.7     2.5     4.6    34.0    98.3
2021 12 28  1700   59576   61200    0    -1.5     3.3     0.2     3.7     2.6   114.8
2021 12 28  1800   59576   64800    0    -2.6     3.2    -1.2     4.3   -16.5   129.1
2021 12 28  1900   59576   68400    0    -1.9     3.4    -0.8     4.0   -10.9   119.4
2021 12 28  2000   59576   72000    0     0.4     2.3    -0.4     2.4   -10.3    79.7
2021 12 28  2100   59576   75600    9  -999.9  -999.9  -999.9  -999.9  -999.9  -999.9
2021 12 28  2200   59576   79200    9  -999.9  -999.9  -999.9  -999.9  -999.9  -999.9
2021 12 28  2300   59576   82800    9  -999.9  -999.9  -999.9  -999.9  -999.9  -999.9
2021 12 29  0000   59577       0    9  -999.9  -999.9  -999.9  -999.9  -999.9  -999.9
2021 12 29  0100   59577    3600    9  -999.9  -999.9  -999.9  -999.9  -999.9  -999.9
2021 12 29  0200   59577    7200    9  -999.9  -999.9  -999.9  -999.9  -999.9  -999.9
2021 12 29  0300   59577   10800    9  -999.9  -999.9  -999.9  -999.9  -999.9  -999.9
2021 12 29  0400   59577   14400    9  -999.9  -999.9  -999.9  -999.9  -999.9  -999.9
2021 12 29  0500   59577   18000    9  -999.9  -999.9  -999.9  -999.9  -999.9  -999.9
2021 12 29  0600   59577   21600    9  -999.9  -999.9  -999.9  -999.9  -999.9  -999.9
2021 12 29  0700   59577   25200    9  -999.9  -999.9  -999.9  -999.9  -999.9  -999.9
2021 12 29  0800   59577   28800    0     1.5     4.5     1.2     4.9    14.2    71.1
2021 12 29  0900   59577   32400    0     1.6     5.4     0.7     5.6     6.8    73.5
2021 12 29  1000   59577   36000    0     1.9     5.2    -1.5     5.7   -15.0    70.2
2021 12 29  1100   59577   39600    0     2.4     4.1    -2.7     5.5   -29.6    59.3
2021 12 29  1200   59577   43200    0     1.5     4.3    -3.0     5.5   -33.2    70.5
2021 12 29  1300   59577   46800    2     0.9     3.8    -2.6     4.7   -33.4    76.8
2021 12 29  1400   59577   50400    2     0.7     4.4    -2.4     5.1   -28.6    81.2
2021 12 29  1500   59577   54000    0     0.8     4.2     0.4     4.3     6.0    78.9
2021 12 29  1600   59577   57600    0     2.1     2.8     0.1     3.5     1.4    52.3
2021 12 29  1700   59577   61200    0     3.2     2.7    -0.7     4.2    -9.7    40.0
2021 12 29  1800   59577   64800    0     2.0     5.5     0.5     5.9     4.9    70.5
2021 12 29  1900   59577   68400    0    -0.2     6.7     1.2     6.8    10.4    91.9
2021 12 29  2000   59577   72000    0    -1.0     5.8     3.6     6.9    31.8    99.8
2021 12 29  2100   59577   75600    0    -3.4     5.9     7.9    10.4    49.3   120.1
2021 12 29  2200   59577   79200    9  -999.9  -999.9  -999.9  -999.9  -999.9  -999.9
2021 12 29  2300   59577   82800    9  -999.9  -999.9  -999.9  -999.9  -999.9  -999.9
2021 12 30  0000   59578       0    9  -999.9  -999.9  -999.9  -999.9  -999.9  -999.9
2021 12 30  0100   59578    3600    9  -999.9  -999.9  -999.9  -999.9  -999.9  -999.9
2021 12 30  0200   59578    7200    9  -999.9  -999.9  -999.9  -999.9  -999.9  -999.9
2021 12 30  0300   59578   10800    9  -999.9  -999.9  -999.9  -999.9  -999.9  -999.9
2021 12 30  0400   59578   14400    9  -999.9  -999.9  -999.9  -999.9  -999.9  -999.9
2021 12 30  0500   59578   18000    9  -999.9  -999.9  -999.9  -999.9  -999.9  -999.9
2021 12 30  0600   59578   21600    9  -999.9  -999.9  -999.9  -999.9  -999.9  -999.9
2021 12 30  0700   59578   25200    9  -999.9  -999.9  -999.9  -999.9  -999.9  -999.9
2021 12 30  0800   59578   28800    0     2.0     4.4    -3.9     6.2   -39.2    65.5
2021 12 30  0900   59578   32400    0     1.1     1.0     1.6     2.2    47.8    42.9
2021 12 30  1000   59578   36000    0    -0.8     0.1     5.0     5.1    80.4   171.7
2021 12 30  1100   59578   39600    0     1.5     3.1    -0.1     3.4    -1.2    64.9
2021 12 30  1200   59578   43200    0     1.4     1.0    -1.3     2.2   -37.9    34.2
2021 12 30  1300   59578   46800    0     1.9     0.9    -0.3     2.1    -8.2    26.4
2021 12 30  1400   59578   50400    0     0.3     1.0    -0.2     1.1    -8.6    74.3
2021 12 30  1500   59578   54000    0    -2.7     0.1     0.3     2.7     6.0   176.9
2021 12 30  1600   59578   57600    0    -2.6     0.0    -0.5     2.6   -10.6   179.0
2021 12 30  1700   59578   61200    0    -2.5     0.5    -0.7     2.7   -14.2   168.1
2021 12 30  1800   59578   64800    0    -1.7     0.9     0.8     2.0    22.8   152.2
2021 12 30  1900   59578   68400    0    -2.4    -1.5     0.3     2.9     6.4   212.3
2021 12 30  2000   59578   72000    0    -2.4    -0.3     1.0     2.6    22.0   186.4
2021 12 30  2100   59578   75600    0    -1.9     1.1     0.9     2.4    21.3   150.2
2021 12 30  2200   59578   79200    0     1.7     0.7     2.3     2.9    52.1    22.7
2021 12 30  2300   59578   82800    9  -999.9  -999.9  -999.9  -999.9  -999.9  -999.9
2021 12 31  0000   59579       0    9  -999.9  -999.9  -999.9  -999.9  -999.9  -999.9
2021 12 31  0100   59579    3600    9  -999.9  -999.9  -999.9  -999.9  -999.9  -999.9
2021 12 31  0200   59579    7200    9  -999.9  -999.9  -999.9  -999.9  -999.9  -999.9
2021 12 31  0300   59579   10800    9  -999.9  -999.9  -999.9  -999.9  -999.9  -999.9
2021 12 31  0400   59579   14400    9  -999.9  -999.9  -999.9  -999.9  -999.9  -999.9
2021 12 31  0500   59579   18000    9  -999.9  -999.9  -999.9  -999.9  -999.9  -999.9
2021 12 31  0600   59579   21600    9  -999.9  -999.9  -999.9  -999.9  -999.9  -999.9
2021 12 31  0700   59579   25200    9  -999.9  -999.9  -999.9  -999.9  -999.9  -999.9
2021 12 31  0800   59579   28800    0     0.6     2.8     0.1     2.9     2.4    77.4
2021 12 31  0900   59579   32400    0     1.2     1.9     2.0     3.0    41.9    57.0
2021 12 31  1000   59579   36000    0     1.4     1.4     2.8     3.4    55.1    44.0
2021 12 31  1100   59579   39600    0     0.3     2.6     1.7     3.1    32.9    82.8
2021 12 31  1200   59579   43200    0    -1.7     3.4    -1.3     4.0   -18.6   116.4
2021 12 31  1300   59579   46800    0    -2.1    -0.2    -3.2     3.8   -56.0   186.0
2021 12 31  1400   59579   50400    0    -1.3     2.3    -1.1     2.9   -21.9   118.8
2021 12 31  1500   59579   54000    0    -0.2     4.1     0.4     4.1     5.7    92.3
2021 12 31  1600   59579   57600    0     0.2     4.5     1.8     4.8    22.3    87.3
2021 12 31  1700   59579   61200    0     1.8     3.9     1.0     4.4    13.7    64.5
