:Data_list: 20211223_ace_swepam_1m.txt
:Created: 2021 Dec 24 0011 UT
# Prepared by the U.S. Dept. of Commerce, NOAA, Space Weather Prediction Center
# Please send comments and suggestions to SWPC.Webmaster@noaa.gov 
# 
# Units: Proton density p/cc
# Units: Bulk speed km/s
# Units: Ion tempeture degrees K
# Status(S): 0 = nominal data, 1 to 8 = bad data record, 9 = no data
# Missing data values: Density and Speed = -9999.9, Temp. = -1.00e+05
# Source: ACE Satellite - Solar Wind Electron Proton Alpha Monitor
#
#   1-minute averaged Real-time Bulk Parameters of the Solar Wind Plasma
# 
#                Modified Seconds   -------------  Solar Wind  -----------
# UT Date   Time  Julian  of the          Proton      Bulk         Ion
# YR MO DA  HHMM    Day     Day     S    Density     Speed     Temperature
#-------------------------------------------------------------------------
2021 12 23  0000   59571       0    9    -9999.9    -9999.9    -1.00e+05
2021 12 23  0001   59571      60    9    -9999.9    -9999.9    -1.00e+05
2021 12 23  0002   59571     120    9    -9999.9    -9999.9    -1.00e+05
2021 12 23  0003   59571     180    9    -9999.9    -9999.9    -1.00e+05
2021 12 23  0004   59571     240    9    -9999.9    -9999.9    -1.00e+05
2021 12 23  0005   59571     300    9    -9999.9    -9999.9    -1.00e+05
2021 12 23  0006   59571     360    9    -9999.9    -9999.9    -1.00e+05
2021 12 23  0007   59571     420    9    -9999.9    -9999.9    -1.00e+05
2021 12 23  0008   59571     480    9    -9999.9    -9999.9    -1.00e+05
2021 12 23  0009   59571     540    9    -9999.9    -9999.9    -1.00e+05
2021 12 23  0010   59571     600    9    -9999.9    -9999.9    -1.00e+05
2021 12 23  0011   59571     660    9    -9999.9    -9999.9    -1.00e+05
2021 12 23  0012   59571     720    9    -9999.9    -9999.9    -1.00e+05
2021 12 23  0013   59571     780    9    -9999.9    -9999.9    -1.00e+05
2021 12 23  0014   59571     840    9    -9999.9    -9999.9    -1.00e+05
2021 12 23  0015   59571     900    9    -9999.9    -9999.9    -1.00e+05
2021 12 23  0016   59571     960    9    -9999.9    -9999.9    -1.00e+05
2021 12 23  0017   59571    1020    9    -9999.9    -9999.9    -1.00e+05
2021 12 23  0018   59571    1080    9    -9999.9    -9999.9    -1.00e+05
2021 12 23  0019   59571    1140    9    -9999.9    -9999.9    -1.00e+05
2021 12 23  0020   59571    1200    9    -9999.9    -9999.9    -1.00e+05
2021 12 23  0021   59571    1260    9    -9999.9    -9999.9    -1.00e+05
2021 12 23  0022   59571    1320    9    -9999.9    -9999.9    -1.00e+05
2021 12 23  0023   59571    1380    9    -9999.9    -9999.9    -1.00e+05
2021 12 23  0024   59571    1440    9    -9999.9    -9999.9    -1.00e+05
2021 12 23  0025   59571    1500    9    -9999.9    -9999.9    -1.00e+05
2021 12 23  0026   59571    1560    9    -9999.9    -9999.9    -1.00e+05
2021 12 23  0027   59571    1620    9    -9999.9    -9999.9    -1.00e+05
2021 12 23  0028   59571    1680    9    -9999.9    -9999.9    -1.00e+05
2021 12 23  0029   59571    1740    9    -9999.9    -9999.9    -1.00e+05
2021 12 23  0030   59571    1800    9    -9999.9    -9999.9    -1.00e+05
2021 12 23  0031   59571    1860    9    -9999.9    -9999.9    -1.00e+05
2021 12 23  0032   59571    1920    9    -9999.9    -9999.9    -1.00e+05
2021 12 23  0033   59571    1980    9    -9999.9    -9999.9    -1.00e+05
2021 12 23  0034   59571    2040    9    -9999.9    -9999.9    -1.00e+05
2021 12 23  0035   59571    2100    9    -9999.9    -9999.9    -1.00e+05
2021 12 23  0036   59571    2160    9    -9999.9    -9999.9    -1.00e+05
2021 12 23  0037   59571    2220    9    -9999.9    -9999.9    -1.00e+05
2021 12 23  0038   59571    2280    9    -9999.9    -9999.9    -1.00e+05
2021 12 23  0039   59571    2340    9    -9999.9    -9999.9    -1.00e+05
2021 12 23  0040   59571    2400    9    -9999.9    -9999.9    -1.00e+05
2021 12 23  0041   59571    2460    9    -9999.9    -9999.9    -1.00e+05
2021 12 23  0042   59571    2520    9    -9999.9    -9999.9    -1.00e+05
2021 12 23  0043   59571    2580    9    -9999.9    -9999.9    -1.00e+05
2021 12 23  0044   59571    2640    9    -9999.9    -9999.9    -1.00e+05
2021 12 23  0045   59571    2700    9    -9999.9    -9999.9    -1.00e+05
2021 12 23  0046   59571    2760    9    -9999.9    -9999.9    -1.00e+05
2021 12 23  0047   59571    2820    9    -9999.9    -9999.9    -1.00e+05
2021 12 23  0048   59571    2880    9    -9999.9    -9999.9    -1.00e+05
2021 12 23  0049   59571    2940    9    -9999.9    -9999.9    -1.00e+05
2021 12 23  0050   59571    3000    9    -9999.9    -9999.9    -1.00e+05
2021 12 23  0051   59571    3060    9    -9999.9    -9999.9    -1.00e+05
2021 12 23  0052   59571    3120    9    -9999.9    -9999.9    -1.00e+05
2021 12 23  0053   59571    3180    9    -9999.9    -9999.9    -1.00e+05
2021 12 23  0054   59571    3240    9    -9999.9    -9999.9    -1.00e+05
2021 12 23  0055   59571    3300    9    -9999.9    -9999.9    -1.00e+05
2021 12 23  0056   59571    3360    9    -9999.9    -9999.9    -1.00e+05
2021 12 23  0057   59571    3420    9    -9999.9    -9999.9    -1.00e+05
2021 12 23  0058   59571    3480    9    -9999.9    -9999.9    -1.00e+05
2021 12 23  0059   59571    3540    9    -9999.9    -9999.9    -1.00e+05
2021 12 23  0100   59571    3600    9    -9999.9    -9999.9    -1.00e+05
2021 12 23  0101   59571    3660    9    -9999.9    -9999.9    -1.00e+05
2021 12 23  0102   59571    3720    9    -9999.9    -9999.9    -1.00e+05
2021 12 23  0103   59571    3780    9    -9999.9    -9999.9    -1.00e+05
2021 12 23  0104   59571    3840    9    -9999.9    -9999.9    -1.00e+05
2021 12 23  0105   59571    3900    9    -9999.9    -9999.9    -1.00e+05
2021 12 23  0106   59571    3960    9    -9999.9    -9999.9    -1.00e+05
2021 12 23  0107   59571    4020    9    -9999.9    -9999.9    -1.00e+05
2021 12 23  0108   59571    4080    9    -9999.9    -9999.9    -1.00e+05
2021 12 23  0109   59571    4140    9    -9999.9    -9999.9    -1.00e+05
2021 12 23  0110   59571    4200    9    -9999.9    -9999.9    -1.00e+05
2021 12 23  0111   59571    4260    9    -9999.9    -9999.9    -1.00e+05
2021 12 23  0112   59571    4320    9    -9999.9    -9999.9    -1.00e+05
2021 12 23  0113   59571    4380    9    -9999.9    -9999.9    -1.00e+05
2021 12 23  0114   59571    4440    9    -9999.9    -9999.9    -1.00e+05
2021 12 23  0115   59571    4500    9    -9999.9    -9999.9    -1.00e+05
2021 12 23  0116   59571    4560    9    -9999.9    -9999.9    -1.00e+05
2021 12 23  0117   59571    4620    9    -9999.9    -9999.9    -1.00e+05
2021 12 23  0118   59571    4680    9    -9999.9    -9999.9    -1.00e+05
2021 12 23  0119   59571    4740    9    -9999.9    -9999.9    -1.00e+05
2021 12 23  0120   59571    4800    9    -9999.9    -9999.9    -1.00e+05
2021 12 23  0121   59571    4860    9    -9999.9    -9999.9    -1.00e+05
2021 12 23  0122   59571    4920    9    -9999.9    -9999.9    -1.00e+05
2021 12 23  0123   59571    4980    9    -9999.9    -9999.9    -1.00e+05
2021 12 23  0124   59571    5040    9    -9999.9    -9999.9    -1.00e+05
2021 12 23  0125   59571    5100    9    -9999.9    -9999.9    -1.00e+05
2021 12 23  0126   59571    5160    9    -9999.9    -9999.9    -1.00e+05
2021 12 23  0127   59571    5220    9    -9999.9    -9999.9    -1.00e+05
2021 12 23  0128   59571    5280    9    -9999.9    -9999.9    -1.00e+05
2021 12 23  0129   59571    5340    9    -9999.9    -9999.9    -1.00e+05
2021 12 23  0130   59571    5400    9    -9999.9    -9999.9    -1.00e+05
2021 12 23  0131   59571    5460    9    -9999.9    -9999.9    -1.00e+05
2021 12 23  0132   59571    5520    9    -9999.9    -9999.9    -1.00e+05
2021 12 23  0133   59571    5580    9    -9999.9    -9999.9    -1.00e+05
2021 12 23  0134   59571    5640    9    -9999.9    -9999.9    -1.00e+05
2021 12 23  0135   59571    5700    9    -9999.9    -9999.9    -1.00e+05
2021 12 23  0136   59571    5760    9    -9999.9    -9999.9    -1.00e+05
2021 12 23  0137   59571    5820    9    -9999.9    -9999.9    -1.00e+05
2021 12 23  0138   59571    5880    9    -9999.9    -9999.9    -1.00e+05
2021 12 23  0139   59571    5940    9    -9999.9    -9999.9    -1.00e+05
2021 12 23  0140   59571    6000    9    -9999.9    -9999.9    -1.00e+05
2021 12 23  0141   59571    6060    9    -9999.9    -9999.9    -1.00e+05
2021 12 23  0142   59571    6120    9    -9999.9    -9999.9    -1.00e+05
2021 12 23  0143   59571    6180    9    -9999.9    -9999.9    -1.00e+05
2021 12 23  0144   59571    6240    9    -9999.9    -9999.9    -1.00e+05
2021 12 23  0145   59571    6300    9    -9999.9    -9999.9    -1.00e+05
2021 12 23  0146   59571    6360    9    -9999.9    -9999.9    -1.00e+05
2021 12 23  0147   59571    6420    9    -9999.9    -9999.9    -1.00e+05
2021 12 23  0148   59571    6480    9    -9999.9    -9999.9    -1.00e+05
2021 12 23  0149   59571    6540    9    -9999.9    -9999.9    -1.00e+05
2021 12 23  0150   59571    6600    9    -9999.9    -9999.9    -1.00e+05
2021 12 23  0151   59571    6660    9    -9999.9    -9999.9    -1.00e+05
2021 12 23  0152   59571    6720    9    -9999.9    -9999.9    -1.00e+05
2021 12 23  0153   59571    6780    9    -9999.9    -9999.9    -1.00e+05
2021 12 23  0154   59571    6840    9    -9999.9    -9999.9    -1.00e+05
2021 12 23  0155   59571    6900    9    -9999.9    -9999.9    -1.00e+05
2021 12 23  0156   59571    6960    9    -9999.9    -9999.9    -1.00e+05
2021 12 23  0157   59571    7020    9    -9999.9    -9999.9    -1.00e+05
2021 12 23  0158   59571    7080    9    -9999.9    -9999.9    -1.00e+05
2021 12 23  0159   59571    7140    9    -9999.9    -9999.9    -1.00e+05
2021 12 23  0200   59571    7200    9    -9999.9    -9999.9    -1.00e+05
2021 12 23  0201   59571    7260    9    -9999.9    -9999.9    -1.00e+05
2021 12 23  0202   59571    7320    9    -9999.9    -9999.9    -1.00e+05
2021 12 23  0203   59571    7380    9    -9999.9    -9999.9    -1.00e+05
2021 12 23  0204   59571    7440    9    -9999.9    -9999.9    -1.00e+05
2021 12 23  0205   59571    7500    9    -9999.9    -9999.9    -1.00e+05
2021 12 23  0206   59571    7560    9    -9999.9    -9999.9    -1.00e+05
2021 12 23  0207   59571    7620    9    -9999.9    -9999.9    -1.00e+05
2021 12 23  0208   59571    7680    9    -9999.9    -9999.9    -1.00e+05
2021 12 23  0209   59571    7740    9    -9999.9    -9999.9    -1.00e+05
2021 12 23  0210   59571    7800    9    -9999.9    -9999.9    -1.00e+05
2021 12 23  0211   59571    7860    9    -9999.9    -9999.9    -1.00e+05
2021 12 23  0212   59571    7920    9    -9999.9    -9999.9    -1.00e+05
2021 12 23  0213   59571    7980    9    -9999.9    -9999.9    -1.00e+05
2021 12 23  0214   59571    8040    9    -9999.9    -9999.9    -1.00e+05
2021 12 23  0215   59571    8100    9    -9999.9    -9999.9    -1.00e+05
2021 12 23  0216   59571    8160    9    -9999.9    -9999.9    -1.00e+05
2021 12 23  0217   59571    8220    9    -9999.9    -9999.9    -1.00e+05
2021 12 23  0218   59571    8280    9    -9999.9    -9999.9    -1.00e+05
2021 12 23  0219   59571    8340    9    -9999.9    -9999.9    -1.00e+05
2021 12 23  0220   59571    8400    9    -9999.9    -9999.9    -1.00e+05
2021 12 23  0221   59571    8460    9    -9999.9    -9999.9    -1.00e+05
2021 12 23  0222   59571    8520    9    -9999.9    -9999.9    -1.00e+05
2021 12 23  0223   59571    8580    9    -9999.9    -9999.9    -1.00e+05
2021 12 23  0224   59571    8640    9    -9999.9    -9999.9    -1.00e+05
2021 12 23  0225   59571    8700    9    -9999.9    -9999.9    -1.00e+05
2021 12 23  0226   59571    8760    9    -9999.9    -9999.9    -1.00e+05
2021 12 23  0227   59571    8820    9    -9999.9    -9999.9    -1.00e+05
2021 12 23  0228   59571    8880    9    -9999.9    -9999.9    -1.00e+05
2021 12 23  0229   59571    8940    9    -9999.9    -9999.9    -1.00e+05
2021 12 23  0230   59571    9000    9    -9999.9    -9999.9    -1.00e+05
2021 12 23  0231   59571    9060    9    -9999.9    -9999.9    -1.00e+05
2021 12 23  0232   59571    9120    9    -9999.9    -9999.9    -1.00e+05
2021 12 23  0233   59571    9180    9    -9999.9    -9999.9    -1.00e+05
2021 12 23  0234   59571    9240    9    -9999.9    -9999.9    -1.00e+05
2021 12 23  0235   59571    9300    9    -9999.9    -9999.9    -1.00e+05
2021 12 23  0236   59571    9360    9    -9999.9    -9999.9    -1.00e+05
2021 12 23  0237   59571    9420    9    -9999.9    -9999.9    -1.00e+05
2021 12 23  0238   59571    9480    9    -9999.9    -9999.9    -1.00e+05
2021 12 23  0239   59571    9540    9    -9999.9    -9999.9    -1.00e+05
2021 12 23  0240   59571    9600    9    -9999.9    -9999.9    -1.00e+05
2021 12 23  0241   59571    9660    9    -9999.9    -9999.9    -1.00e+05
2021 12 23  0242   59571    9720    9    -9999.9    -9999.9    -1.00e+05
2021 12 23  0243   59571    9780    9    -9999.9    -9999.9    -1.00e+05
2021 12 23  0244   59571    9840    9    -9999.9    -9999.9    -1.00e+05
2021 12 23  0245   59571    9900    9    -9999.9    -9999.9    -1.00e+05
2021 12 23  0246   59571    9960    9    -9999.9    -9999.9    -1.00e+05
2021 12 23  0247   59571   10020    9    -9999.9    -9999.9    -1.00e+05
2021 12 23  0248   59571   10080    9    -9999.9    -9999.9    -1.00e+05
2021 12 23  0249   59571   10140    9    -9999.9    -9999.9    -1.00e+05
2021 12 23  0250   59571   10200    9    -9999.9    -9999.9    -1.00e+05
2021 12 23  0251   59571   10260    9    -9999.9    -9999.9    -1.00e+05
2021 12 23  0252   59571   10320    9    -9999.9    -9999.9    -1.00e+05
2021 12 23  0253   59571   10380    9    -9999.9    -9999.9    -1.00e+05
2021 12 23  0254   59571   10440    9    -9999.9    -9999.9    -1.00e+05
2021 12 23  0255   59571   10500    9    -9999.9    -9999.9    -1.00e+05
2021 12 23  0256   59571   10560    9    -9999.9    -9999.9    -1.00e+05
2021 12 23  0257   59571   10620    9    -9999.9    -9999.9    -1.00e+05
2021 12 23  0258   59571   10680    9    -9999.9    -9999.9    -1.00e+05
2021 12 23  0259   59571   10740    9    -9999.9    -9999.9    -1.00e+05
2021 12 23  0300   59571   10800    9    -9999.9    -9999.9    -1.00e+05
2021 12 23  0301   59571   10860    9    -9999.9    -9999.9    -1.00e+05
2021 12 23  0302   59571   10920    9    -9999.9    -9999.9    -1.00e+05
2021 12 23  0303   59571   10980    9    -9999.9    -9999.9    -1.00e+05
2021 12 23  0304   59571   11040    9    -9999.9    -9999.9    -1.00e+05
2021 12 23  0305   59571   11100    9    -9999.9    -9999.9    -1.00e+05
2021 12 23  0306   59571   11160    9    -9999.9    -9999.9    -1.00e+05
2021 12 23  0307   59571   11220    9    -9999.9    -9999.9    -1.00e+05
2021 12 23  0308   59571   11280    9    -9999.9    -9999.9    -1.00e+05
2021 12 23  0309   59571   11340    9    -9999.9    -9999.9    -1.00e+05
2021 12 23  0310   59571   11400    9    -9999.9    -9999.9    -1.00e+05
2021 12 23  0311   59571   11460    9    -9999.9    -9999.9    -1.00e+05
2021 12 23  0312   59571   11520    9    -9999.9    -9999.9    -1.00e+05
2021 12 23  0313   59571   11580    9    -9999.9    -9999.9    -1.00e+05
2021 12 23  0314   59571   11640    9    -9999.9    -9999.9    -1.00e+05
2021 12 23  0315   59571   11700    9    -9999.9    -9999.9    -1.00e+05
2021 12 23  0316   59571   11760    9    -9999.9    -9999.9    -1.00e+05
2021 12 23  0317   59571   11820    9    -9999.9    -9999.9    -1.00e+05
2021 12 23  0318   59571   11880    9    -9999.9    -9999.9    -1.00e+05
2021 12 23  0319   59571   11940    9    -9999.9    -9999.9    -1.00e+05
2021 12 23  0320   59571   12000    9    -9999.9    -9999.9    -1.00e+05
2021 12 23  0321   59571   12060    9    -9999.9    -9999.9    -1.00e+05
2021 12 23  0322   59571   12120    9    -9999.9    -9999.9    -1.00e+05
2021 12 23  0323   59571   12180    9    -9999.9    -9999.9    -1.00e+05
2021 12 23  0324   59571   12240    9    -9999.9    -9999.9    -1.00e+05
2021 12 23  0325   59571   12300    9    -9999.9    -9999.9    -1.00e+05
2021 12 23  0326   59571   12360    9    -9999.9    -9999.9    -1.00e+05
2021 12 23  0327   59571   12420    9    -9999.9    -9999.9    -1.00e+05
2021 12 23  0328   59571   12480    9    -9999.9    -9999.9    -1.00e+05
2021 12 23  0329   59571   12540    9    -9999.9    -9999.9    -1.00e+05
2021 12 23  0330   59571   12600    9    -9999.9    -9999.9    -1.00e+05
2021 12 23  0331   59571   12660    9    -9999.9    -9999.9    -1.00e+05
2021 12 23  0332   59571   12720    9    -9999.9    -9999.9    -1.00e+05
2021 12 23  0333   59571   12780    9    -9999.9    -9999.9    -1.00e+05
2021 12 23  0334   59571   12840    9    -9999.9    -9999.9    -1.00e+05
2021 12 23  0335   59571   12900    9    -9999.9    -9999.9    -1.00e+05
2021 12 23  0336   59571   12960    9    -9999.9    -9999.9    -1.00e+05
2021 12 23  0337   59571   13020    9    -9999.9    -9999.9    -1.00e+05
2021 12 23  0338   59571   13080    9    -9999.9    -9999.9    -1.00e+05
2021 12 23  0339   59571   13140    9    -9999.9    -9999.9    -1.00e+05
2021 12 23  0340   59571   13200    9    -9999.9    -9999.9    -1.00e+05
2021 12 23  0341   59571   13260    9    -9999.9    -9999.9    -1.00e+05
2021 12 23  0342   59571   13320    9    -9999.9    -9999.9    -1.00e+05
2021 12 23  0343   59571   13380    9    -9999.9    -9999.9    -1.00e+05
2021 12 23  0344   59571   13440    9    -9999.9    -9999.9    -1.00e+05
2021 12 23  0345   59571   13500    9    -9999.9    -9999.9    -1.00e+05
2021 12 23  0346   59571   13560    9    -9999.9    -9999.9    -1.00e+05
2021 12 23  0347   59571   13620    9    -9999.9    -9999.9    -1.00e+05
2021 12 23  0348   59571   13680    9    -9999.9    -9999.9    -1.00e+05
2021 12 23  0349   59571   13740    9    -9999.9    -9999.9    -1.00e+05
2021 12 23  0350   59571   13800    9    -9999.9    -9999.9    -1.00e+05
2021 12 23  0351   59571   13860    9    -9999.9    -9999.9    -1.00e+05
2021 12 23  0352   59571   13920    9    -9999.9    -9999.9    -1.00e+05
2021 12 23  0353   59571   13980    9    -9999.9    -9999.9    -1.00e+05
2021 12 23  0354   59571   14040    9    -9999.9    -9999.9    -1.00e+05
2021 12 23  0355   59571   14100    9    -9999.9    -9999.9    -1.00e+05
2021 12 23  0356   59571   14160    9    -9999.9    -9999.9    -1.00e+05
2021 12 23  0357   59571   14220    9    -9999.9    -9999.9    -1.00e+05
2021 12 23  0358   59571   14280    9    -9999.9    -9999.9    -1.00e+05
2021 12 23  0359   59571   14340    9    -9999.9    -9999.9    -1.00e+05
2021 12 23  0400   59571   14400    9    -9999.9    -9999.9    -1.00e+05
2021 12 23  0401   59571   14460    9    -9999.9    -9999.9    -1.00e+05
2021 12 23  0402   59571   14520    9    -9999.9    -9999.9    -1.00e+05
2021 12 23  0403   59571   14580    9    -9999.9    -9999.9    -1.00e+05
2021 12 23  0404   59571   14640    9    -9999.9    -9999.9    -1.00e+05
2021 12 23  0405   59571   14700    9    -9999.9    -9999.9    -1.00e+05
2021 12 23  0406   59571   14760    9    -9999.9    -9999.9    -1.00e+05
2021 12 23  0407   59571   14820    9    -9999.9    -9999.9    -1.00e+05
2021 12 23  0408   59571   14880    9    -9999.9    -9999.9    -1.00e+05
2021 12 23  0409   59571   14940    9    -9999.9    -9999.9    -1.00e+05
2021 12 23  0410   59571   15000    9    -9999.9    -9999.9    -1.00e+05
2021 12 23  0411   59571   15060    9    -9999.9    -9999.9    -1.00e+05
2021 12 23  0412   59571   15120    9    -9999.9    -9999.9    -1.00e+05
2021 12 23  0413   59571   15180    9    -9999.9    -9999.9    -1.00e+05
2021 12 23  0414   59571   15240    9    -9999.9    -9999.9    -1.00e+05
2021 12 23  0415   59571   15300    9    -9999.9    -9999.9    -1.00e+05
2021 12 23  0416   59571   15360    9    -9999.9    -9999.9    -1.00e+05
2021 12 23  0417   59571   15420    9    -9999.9    -9999.9    -1.00e+05
2021 12 23  0418   59571   15480    9    -9999.9    -9999.9    -1.00e+05
2021 12 23  0419   59571   15540    9    -9999.9    -9999.9    -1.00e+05
2021 12 23  0420   59571   15600    9    -9999.9    -9999.9    -1.00e+05
2021 12 23  0421   59571   15660    9    -9999.9    -9999.9    -1.00e+05
2021 12 23  0422   59571   15720    9    -9999.9    -9999.9    -1.00e+05
2021 12 23  0423   59571   15780    9    -9999.9    -9999.9    -1.00e+05
2021 12 23  0424   59571   15840    9    -9999.9    -9999.9    -1.00e+05
2021 12 23  0425   59571   15900    9    -9999.9    -9999.9    -1.00e+05
2021 12 23  0426   59571   15960    9    -9999.9    -9999.9    -1.00e+05
2021 12 23  0427   59571   16020    9    -9999.9    -9999.9    -1.00e+05
2021 12 23  0428   59571   16080    9    -9999.9    -9999.9    -1.00e+05
2021 12 23  0429   59571   16140    9    -9999.9    -9999.9    -1.00e+05
2021 12 23  0430   59571   16200    9    -9999.9    -9999.9    -1.00e+05
2021 12 23  0431   59571   16260    9    -9999.9    -9999.9    -1.00e+05
2021 12 23  0432   59571   16320    9    -9999.9    -9999.9    -1.00e+05
2021 12 23  0433   59571   16380    9    -9999.9    -9999.9    -1.00e+05
2021 12 23  0434   59571   16440    9    -9999.9    -9999.9    -1.00e+05
2021 12 23  0435   59571   16500    9    -9999.9    -9999.9    -1.00e+05
2021 12 23  0436   59571   16560    9    -9999.9    -9999.9    -1.00e+05
2021 12 23  0437   59571   16620    9    -9999.9    -9999.9    -1.00e+05
2021 12 23  0438   59571   16680    9    -9999.9    -9999.9    -1.00e+05
2021 12 23  0439   59571   16740    9    -9999.9    -9999.9    -1.00e+05
2021 12 23  0440   59571   16800    9    -9999.9    -9999.9    -1.00e+05
2021 12 23  0441   59571   16860    9    -9999.9    -9999.9    -1.00e+05
2021 12 23  0442   59571   16920    9    -9999.9    -9999.9    -1.00e+05
2021 12 23  0443   59571   16980    9    -9999.9    -9999.9    -1.00e+05
2021 12 23  0444   59571   17040    9    -9999.9    -9999.9    -1.00e+05
2021 12 23  0445   59571   17100    9    -9999.9    -9999.9    -1.00e+05
2021 12 23  0446   59571   17160    9    -9999.9    -9999.9    -1.00e+05
2021 12 23  0447   59571   17220    9    -9999.9    -9999.9    -1.00e+05
2021 12 23  0448   59571   17280    9    -9999.9    -9999.9    -1.00e+05
2021 12 23  0449   59571   17340    9    -9999.9    -9999.9    -1.00e+05
2021 12 23  0450   59571   17400    9    -9999.9    -9999.9    -1.00e+05
2021 12 23  0451   59571   17460    0       13.3      479.5     5.32e+05
2021 12 23  0452   59571   17520    0        3.4      496.7     3.08e+05
2021 12 23  0453   59571   17580    0        5.4      551.3     2.66e+05
2021 12 23  0454   59571   17640    0        8.9      574.6     1.49e+05
2021 12 23  0455   59571   17700    0        9.7      578.4     1.18e+05
2021 12 23  0456   59571   17760    9    -9999.9    -9999.9    -1.00e+05
2021 12 23  0457   59571   17820    9    -9999.9    -9999.9    -1.00e+05
2021 12 23  0458   59571   17880    3    -9999.9    -9999.9    -1.00e+05
2021 12 23  0459   59571   17940    3    -9999.9    -9999.9    -1.00e+05
2021 12 23  0500   59571   18000    9    -9999.9    -9999.9    -1.00e+05
2021 12 23  0501   59571   18060    3    -9999.9    -9999.9    -1.00e+05
2021 12 23  0502   59571   18120    3    -9999.9    -9999.9    -1.00e+05
2021 12 23  0503   59571   18180    0    -9999.9      299.3     4.02e+04
2021 12 23  0504   59571   18240    9    -9999.9    -9999.9    -1.00e+05
2021 12 23  0505   59571   18300    9    -9999.9    -9999.9    -1.00e+05
2021 12 23  0506   59571   18360    9    -9999.9    -9999.9    -1.00e+05
2021 12 23  0507   59571   18420    3    -9999.9    -9999.9    -1.00e+05
2021 12 23  0508   59571   18480    3    -9999.9    -9999.9    -1.00e+05
2021 12 23  0509   59571   18540    3    -9999.9    -9999.9    -1.00e+05
2021 12 23  0510   59571   18600    3    -9999.9    -9999.9    -1.00e+05
2021 12 23  0511   59571   18660    3    -9999.9    -9999.9    -1.00e+05
2021 12 23  0512   59571   18720    3    -9999.9    -9999.9    -1.00e+05
2021 12 23  0513   59571   18780    6    -9999.9    -9999.9    -1.00e+05
2021 12 23  0514   59571   18840    6    -9999.9    -9999.9    -1.00e+05
2021 12 23  0515   59571   18900    9    -9999.9    -9999.9    -1.00e+05
2021 12 23  0516   59571   18960    0       30.5      437.7     1.09e+05
2021 12 23  0517   59571   19020    0       30.5      437.7     1.09e+05
2021 12 23  0518   59571   19080    9    -9999.9    -9999.9    -1.00e+05
2021 12 23  0519   59571   19140    9    -9999.9    -9999.9    -1.00e+05
2021 12 23  0520   59571   19200    9    -9999.9    -9999.9    -1.00e+05
2021 12 23  0521   59571   19260    9    -9999.9    -9999.9    -1.00e+05
2021 12 23  0522   59571   19320    9    -9999.9    -9999.9    -1.00e+05
2021 12 23  0523   59571   19380    9    -9999.9    -9999.9    -1.00e+05
2021 12 23  0524   59571   19440    6    -9999.9    -9999.9    -1.00e+05
2021 12 23  0525   59571   19500    0       24.9      515.7     2.91e+05
2021 12 23  0526   59571   19560    0       24.9      515.7     2.91e+05
2021 12 23  0527   59571   19620    9    -9999.9    -9999.9    -1.00e+05
2021 12 23  0528   59571   19680    9    -9999.9    -9999.9    -1.00e+05
2021 12 23  0529   59571   19740    9    -9999.9    -9999.9    -1.00e+05
2021 12 23  0530   59571   19800    9    -9999.9    -9999.9    -1.00e+05
2021 12 23  0531   59571   19860    9    -9999.9    -9999.9    -1.00e+05
2021 12 23  0532   59571   19920    9    -9999.9    -9999.9    -1.00e+05
2021 12 23  0533   59571   19980    9    -9999.9    -9999.9    -1.00e+05
2021 12 23  0534   59571   20040    9    -9999.9    -9999.9    -1.00e+05
2021 12 23  0535   59571   20100    9    -9999.9    -9999.9    -1.00e+05
2021 12 23  0536   59571   20160    9    -9999.9    -9999.9    -1.00e+05
2021 12 23  0537   59571   20220    9    -9999.9    -9999.9    -1.00e+05
2021 12 23  0538   59571   20280    9    -9999.9    -9999.9    -1.00e+05
2021 12 23  0539   59571   20340    9    -9999.9    -9999.9    -1.00e+05
2021 12 23  0540   59571   20400    9    -9999.9    -9999.9    -1.00e+05
2021 12 23  0541   59571   20460    9    -9999.9    -9999.9    -1.00e+05
2021 12 23  0542   59571   20520    9    -9999.9    -9999.9    -1.00e+05
2021 12 23  0543   59571   20580    9    -9999.9    -9999.9    -1.00e+05
2021 12 23  0544   59571   20640    9    -9999.9    -9999.9    -1.00e+05
2021 12 23  0545   59571   20700    9    -9999.9    -9999.9    -1.00e+05
2021 12 23  0546   59571   20760    9    -9999.9    -9999.9    -1.00e+05
2021 12 23  0547   59571   20820    9    -9999.9    -9999.9    -1.00e+05
2021 12 23  0548   59571   20880    9    -9999.9    -9999.9    -1.00e+05
2021 12 23  0549   59571   20940    9    -9999.9    -9999.9    -1.00e+05
2021 12 23  0550   59571   21000    9    -9999.9    -9999.9    -1.00e+05
2021 12 23  0551   59571   21060    9    -9999.9    -9999.9    -1.00e+05
2021 12 23  0552   59571   21120    9    -9999.9    -9999.9    -1.00e+05
2021 12 23  0553   59571   21180    9    -9999.9    -9999.9    -1.00e+05
2021 12 23  0554   59571   21240    9    -9999.9    -9999.9    -1.00e+05
2021 12 23  0555   59571   21300    9    -9999.9    -9999.9    -1.00e+05
2021 12 23  0556   59571   21360    9    -9999.9    -9999.9    -1.00e+05
2021 12 23  0557   59571   21420    9    -9999.9    -9999.9    -1.00e+05
2021 12 23  0558   59571   21480    9    -9999.9    -9999.9    -1.00e+05
2021 12 23  0559   59571   21540    9    -9999.9    -9999.9    -1.00e+05
2021 12 23  0600   59571   21600    9    -9999.9    -9999.9    -1.00e+05
2021 12 23  0601   59571   21660    9    -9999.9    -9999.9    -1.00e+05
2021 12 23  0602   59571   21720    9    -9999.9    -9999.9    -1.00e+05
2021 12 23  0603   59571   21780    9    -9999.9    -9999.9    -1.00e+05
2021 12 23  0604   59571   21840    9    -9999.9    -9999.9    -1.00e+05
2021 12 23  0605   59571   21900    9    -9999.9    -9999.9    -1.00e+05
2021 12 23  0606   59571   21960    9    -9999.9    -9999.9    -1.00e+05
2021 12 23  0607   59571   22020    9    -9999.9    -9999.9    -1.00e+05
2021 12 23  0608   59571   22080    9    -9999.9    -9999.9    -1.00e+05
2021 12 23  0609   59571   22140    9    -9999.9    -9999.9    -1.00e+05
2021 12 23  0610   59571   22200    9    -9999.9    -9999.9    -1.00e+05
2021 12 23  0611   59571   22260    9    -9999.9    -9999.9    -1.00e+05
2021 12 23  0612   59571   22320    9    -9999.9    -9999.9    -1.00e+05
2021 12 23  0613   59571   22380    9    -9999.9    -9999.9    -1.00e+05
2021 12 23  0614   59571   22440    9    -9999.9    -9999.9    -1.00e+05
2021 12 23  0615   59571   22500    9    -9999.9    -9999.9    -1.00e+05
2021 12 23  0616   59571   22560    9    -9999.9    -9999.9    -1.00e+05
2021 12 23  0617   59571   22620    9    -9999.9    -9999.9    -1.00e+05
2021 12 23  0618   59571   22680    9    -9999.9    -9999.9    -1.00e+05
2021 12 23  0619   59571   22740    9    -9999.9    -9999.9    -1.00e+05
2021 12 23  0620   59571   22800    9    -9999.9    -9999.9    -1.00e+05
2021 12 23  0621   59571   22860    9    -9999.9    -9999.9    -1.00e+05
2021 12 23  0622   59571   22920    9    -9999.9    -9999.9    -1.00e+05
2021 12 23  0623   59571   22980    9    -9999.9    -9999.9    -1.00e+05
2021 12 23  0624   59571   23040    9    -9999.9    -9999.9    -1.00e+05
2021 12 23  0625   59571   23100    9    -9999.9    -9999.9    -1.00e+05
2021 12 23  0626   59571   23160    9    -9999.9    -9999.9    -1.00e+05
2021 12 23  0627   59571   23220    9    -9999.9    -9999.9    -1.00e+05
2021 12 23  0628   59571   23280    9    -9999.9    -9999.9    -1.00e+05
2021 12 23  0629   59571   23340    9    -9999.9    -9999.9    -1.00e+05
2021 12 23  0630   59571   23400    9    -9999.9    -9999.9    -1.00e+05
2021 12 23  0631   59571   23460    9    -9999.9    -9999.9    -1.00e+05
2021 12 23  0632   59571   23520    9    -9999.9    -9999.9    -1.00e+05
2021 12 23  0633   59571   23580    9    -9999.9    -9999.9    -1.00e+05
2021 12 23  0634   59571   23640    9    -9999.9    -9999.9    -1.00e+05
2021 12 23  0635   59571   23700    9    -9999.9    -9999.9    -1.00e+05
2021 12 23  0636   59571   23760    9    -9999.9    -9999.9    -1.00e+05
2021 12 23  0637   59571   23820    9    -9999.9    -9999.9    -1.00e+05
2021 12 23  0638   59571   23880    9    -9999.9    -9999.9    -1.00e+05
2021 12 23  0639   59571   23940    9    -9999.9    -9999.9    -1.00e+05
2021 12 23  0640   59571   24000    9    -9999.9    -9999.9    -1.00e+05
2021 12 23  0641   59571   24060    9    -9999.9    -9999.9    -1.00e+05
2021 12 23  0642   59571   24120    9    -9999.9    -9999.9    -1.00e+05
2021 12 23  0643   59571   24180    9    -9999.9    -9999.9    -1.00e+05
2021 12 23  0644   59571   24240    9    -9999.9    -9999.9    -1.00e+05
2021 12 23  0645   59571   24300    9    -9999.9    -9999.9    -1.00e+05
2021 12 23  0646   59571   24360    9    -9999.9    -9999.9    -1.00e+05
2021 12 23  0647   59571   24420    9    -9999.9    -9999.9    -1.00e+05
2021 12 23  0648   59571   24480    9    -9999.9    -9999.9    -1.00e+05
2021 12 23  0649   59571   24540    9    -9999.9    -9999.9    -1.00e+05
2021 12 23  0650   59571   24600    9    -9999.9    -9999.9    -1.00e+05
2021 12 23  0651   59571   24660    9    -9999.9    -9999.9    -1.00e+05
2021 12 23  0652   59571   24720    9    -9999.9    -9999.9    -1.00e+05
2021 12 23  0653   59571   24780    9    -9999.9    -9999.9    -1.00e+05
2021 12 23  0654   59571   24840    9    -9999.9    -9999.9    -1.00e+05
2021 12 23  0655   59571   24900    9    -9999.9    -9999.9    -1.00e+05
2021 12 23  0656   59571   24960    9    -9999.9    -9999.9    -1.00e+05
2021 12 23  0657   59571   25020    9    -9999.9    -9999.9    -1.00e+05
2021 12 23  0658   59571   25080    9    -9999.9    -9999.9    -1.00e+05
2021 12 23  0659   59571   25140    9    -9999.9    -9999.9    -1.00e+05
2021 12 23  0700   59571   25200    9    -9999.9    -9999.9    -1.00e+05
2021 12 23  0701   59571   25260    9    -9999.9    -9999.9    -1.00e+05
2021 12 23  0702   59571   25320    9    -9999.9    -9999.9    -1.00e+05
2021 12 23  0703   59571   25380    9    -9999.9    -9999.9    -1.00e+05
2021 12 23  0704   59571   25440    9    -9999.9    -9999.9    -1.00e+05
2021 12 23  0705   59571   25500    9    -9999.9    -9999.9    -1.00e+05
2021 12 23  0706   59571   25560    9    -9999.9    -9999.9    -1.00e+05
2021 12 23  0707   59571   25620    9    -9999.9    -9999.9    -1.00e+05
2021 12 23  0708   59571   25680    9    -9999.9    -9999.9    -1.00e+05
2021 12 23  0709   59571   25740    9    -9999.9    -9999.9    -1.00e+05
2021 12 23  0710   59571   25800    9    -9999.9    -9999.9    -1.00e+05
2021 12 23  0711   59571   25860    9    -9999.9    -9999.9    -1.00e+05
2021 12 23  0712   59571   25920    9    -9999.9    -9999.9    -1.00e+05
2021 12 23  0713   59571   25980    9    -9999.9    -9999.9    -1.00e+05
2021 12 23  0714   59571   26040    9    -9999.9    -9999.9    -1.00e+05
2021 12 23  0715   59571   26100    9    -9999.9    -9999.9    -1.00e+05
2021 12 23  0716   59571   26160    9    -9999.9    -9999.9    -1.00e+05
2021 12 23  0717   59571   26220    9    -9999.9    -9999.9    -1.00e+05
2021 12 23  0718   59571   26280    9    -9999.9    -9999.9    -1.00e+05
2021 12 23  0719   59571   26340    9    -9999.9    -9999.9    -1.00e+05
2021 12 23  0720   59571   26400    9    -9999.9    -9999.9    -1.00e+05
2021 12 23  0721   59571   26460    9    -9999.9    -9999.9    -1.00e+05
2021 12 23  0722   59571   26520    9    -9999.9    -9999.9    -1.00e+05
2021 12 23  0723   59571   26580    9    -9999.9    -9999.9    -1.00e+05
2021 12 23  0724   59571   26640    9    -9999.9    -9999.9    -1.00e+05
2021 12 23  0725   59571   26700    9    -9999.9    -9999.9    -1.00e+05
2021 12 23  0726   59571   26760    9    -9999.9    -9999.9    -1.00e+05
2021 12 23  0727   59571   26820    9    -9999.9    -9999.9    -1.00e+05
2021 12 23  0728   59571   26880    9    -9999.9    -9999.9    -1.00e+05
2021 12 23  0729   59571   26940    9    -9999.9    -9999.9    -1.00e+05
2021 12 23  0730   59571   27000    9    -9999.9    -9999.9    -1.00e+05
2021 12 23  0731   59571   27060    9    -9999.9    -9999.9    -1.00e+05
2021 12 23  0732   59571   27120    9    -9999.9    -9999.9    -1.00e+05
2021 12 23  0733   59571   27180    9    -9999.9    -9999.9    -1.00e+05
2021 12 23  0734   59571   27240    9    -9999.9    -9999.9    -1.00e+05
2021 12 23  0735   59571   27300    9    -9999.9    -9999.9    -1.00e+05
2021 12 23  0736   59571   27360    9    -9999.9    -9999.9    -1.00e+05
2021 12 23  0737   59571   27420    9    -9999.9    -9999.9    -1.00e+05
2021 12 23  0738   59571   27480    9    -9999.9    -9999.9    -1.00e+05
2021 12 23  0739   59571   27540    9    -9999.9    -9999.9    -1.00e+05
2021 12 23  0740   59571   27600    9    -9999.9    -9999.9    -1.00e+05
2021 12 23  0741   59571   27660    9    -9999.9    -9999.9    -1.00e+05
2021 12 23  0742   59571   27720    9    -9999.9    -9999.9    -1.00e+05
2021 12 23  0743   59571   27780    9    -9999.9    -9999.9    -1.00e+05
2021 12 23  0744   59571   27840    9    -9999.9    -9999.9    -1.00e+05
2021 12 23  0745   59571   27900    9    -9999.9    -9999.9    -1.00e+05
2021 12 23  0746   59571   27960    9    -9999.9    -9999.9    -1.00e+05
2021 12 23  0747   59571   28020    9    -9999.9    -9999.9    -1.00e+05
2021 12 23  0748   59571   28080    9    -9999.9    -9999.9    -1.00e+05
2021 12 23  0749   59571   28140    9    -9999.9    -9999.9    -1.00e+05
2021 12 23  0750   59571   28200    9    -9999.9    -9999.9    -1.00e+05
2021 12 23  0751   59571   28260    9    -9999.9    -9999.9    -1.00e+05
2021 12 23  0752   59571   28320    9    -9999.9    -9999.9    -1.00e+05
2021 12 23  0753   59571   28380    9    -9999.9    -9999.9    -1.00e+05
2021 12 23  0754   59571   28440    9    -9999.9    -9999.9    -1.00e+05
2021 12 23  0755   59571   28500    9    -9999.9    -9999.9    -1.00e+05
2021 12 23  0756   59571   28560    9    -9999.9    -9999.9    -1.00e+05
2021 12 23  0757   59571   28620    9    -9999.9    -9999.9    -1.00e+05
2021 12 23  0758   59571   28680    9    -9999.9    -9999.9    -1.00e+05
2021 12 23  0759   59571   28740    9    -9999.9    -9999.9    -1.00e+05
2021 12 23  0800   59571   28800    9    -9999.9    -9999.9    -1.00e+05
2021 12 23  0801   59571   28860    9    -9999.9    -9999.9    -1.00e+05
2021 12 23  0802   59571   28920    9    -9999.9    -9999.9    -1.00e+05
2021 12 23  0803   59571   28980    9    -9999.9    -9999.9    -1.00e+05
2021 12 23  0804   59571   29040    9    -9999.9    -9999.9    -1.00e+05
2021 12 23  0805   59571   29100    9    -9999.9    -9999.9    -1.00e+05
2021 12 23  0806   59571   29160    9    -9999.9    -9999.9    -1.00e+05
2021 12 23  0807   59571   29220    9    -9999.9    -9999.9    -1.00e+05
2021 12 23  0808   59571   29280    9    -9999.9    -9999.9    -1.00e+05
2021 12 23  0809   59571   29340    9    -9999.9    -9999.9    -1.00e+05
2021 12 23  0810   59571   29400    9    -9999.9    -9999.9    -1.00e+05
2021 12 23  0811   59571   29460    9    -9999.9    -9999.9    -1.00e+05
2021 12 23  0812   59571   29520    9    -9999.9    -9999.9    -1.00e+05
2021 12 23  0813   59571   29580    9    -9999.9    -9999.9    -1.00e+05
2021 12 23  0814   59571   29640    9    -9999.9    -9999.9    -1.00e+05
2021 12 23  0815   59571   29700    9    -9999.9    -9999.9    -1.00e+05
2021 12 23  0816   59571   29760    9    -9999.9    -9999.9    -1.00e+05
2021 12 23  0817   59571   29820    9    -9999.9    -9999.9    -1.00e+05
2021 12 23  0818   59571   29880    9    -9999.9    -9999.9    -1.00e+05
2021 12 23  0819   59571   29940    9    -9999.9    -9999.9    -1.00e+05
2021 12 23  0820   59571   30000    9    -9999.9    -9999.9    -1.00e+05
2021 12 23  0821   59571   30060    9    -9999.9    -9999.9    -1.00e+05
2021 12 23  0822   59571   30120    9    -9999.9    -9999.9    -1.00e+05
2021 12 23  0823   59571   30180    9    -9999.9    -9999.9    -1.00e+05
2021 12 23  0824   59571   30240    9    -9999.9    -9999.9    -1.00e+05
2021 12 23  0825   59571   30300    9    -9999.9    -9999.9    -1.00e+05
2021 12 23  0826   59571   30360    9    -9999.9    -9999.9    -1.00e+05
2021 12 23  0827   59571   30420    9    -9999.9    -9999.9    -1.00e+05
2021 12 23  0828   59571   30480    9    -9999.9    -9999.9    -1.00e+05
2021 12 23  0829   59571   30540    9    -9999.9    -9999.9    -1.00e+05
2021 12 23  0830   59571   30600    9    -9999.9    -9999.9    -1.00e+05
2021 12 23  0831   59571   30660    9    -9999.9    -9999.9    -1.00e+05
2021 12 23  0832   59571   30720    9    -9999.9    -9999.9    -1.00e+05
2021 12 23  0833   59571   30780    9    -9999.9    -9999.9    -1.00e+05
2021 12 23  0834   59571   30840    9    -9999.9    -9999.9    -1.00e+05
2021 12 23  0835   59571   30900    9    -9999.9    -9999.9    -1.00e+05
2021 12 23  0836   59571   30960    9    -9999.9    -9999.9    -1.00e+05
2021 12 23  0837   59571   31020    9    -9999.9    -9999.9    -1.00e+05
2021 12 23  0838   59571   31080    9    -9999.9    -9999.9    -1.00e+05
2021 12 23  0839   59571   31140    9    -9999.9    -9999.9    -1.00e+05
2021 12 23  0840   59571   31200    9    -9999.9    -9999.9    -1.00e+05
2021 12 23  0841   59571   31260    9    -9999.9    -9999.9    -1.00e+05
2021 12 23  0842   59571   31320    9    -9999.9    -9999.9    -1.00e+05
2021 12 23  0843   59571   31380    9    -9999.9    -9999.9    -1.00e+05
2021 12 23  0844   59571   31440    9    -9999.9    -9999.9    -1.00e+05
2021 12 23  0845   59571   31500    9    -9999.9    -9999.9    -1.00e+05
2021 12 23  0846   59571   31560    9    -9999.9    -9999.9    -1.00e+05
2021 12 23  0847   59571   31620    0        1.0      504.2     1.12e+05
2021 12 23  0848   59571   31680    0        1.0      504.0     1.12e+05
2021 12 23  0849   59571   31740    0        1.0      502.3     1.12e+05
2021 12 23  0850   59571   31800    0        1.0      500.3     1.17e+05
2021 12 23  0851   59571   31860    0        1.1      502.9     1.25e+05
2021 12 23  0852   59571   31920    0        1.0      501.8     1.12e+05
2021 12 23  0853   59571   31980    0        1.1      498.8     1.17e+05
2021 12 23  0854   59571   32040    0        1.1      504.9     1.14e+05
2021 12 23  0855   59571   32100    0        1.0      508.2     1.19e+05
2021 12 23  0856   59571   32160    1        1.0      505.1     1.21e+05
2021 12 23  0857   59571   32220    1        1.0      509.7     1.22e+05
2021 12 23  0858   59571   32280    1        1.0      512.7     1.27e+05
2021 12 23  0859   59571   32340    0        1.1      514.5     1.31e+05
2021 12 23  0900   59571   32400    0        1.1      520.7     1.24e+05
2021 12 23  0901   59571   32460    0        1.1      523.8     1.15e+05
2021 12 23  0902   59571   32520    0        1.0      518.6     1.07e+05
2021 12 23  0903   59571   32580    0        1.0      515.7     1.12e+05
2021 12 23  0904   59571   32640    0        1.1      503.0     1.31e+05
2021 12 23  0905   59571   32700    0        1.0      502.8     1.14e+05
2021 12 23  0906   59571   32760    9    -9999.9    -9999.9    -1.00e+05
2021 12 23  0907   59571   32820    0        0.8      506.7     1.45e+05
2021 12 23  0908   59571   32880    0        1.1      499.5     1.33e+05
2021 12 23  0909   59571   32940    1        1.0      500.5     1.21e+05
2021 12 23  0910   59571   33000    0        0.9      503.3     1.21e+05
2021 12 23  0911   59571   33060    1        1.0      505.6     1.26e+05
2021 12 23  0912   59571   33120    0        1.0      506.6     1.25e+05
2021 12 23  0913   59571   33180    0        1.1      505.1     1.22e+05
2021 12 23  0914   59571   33240    0        1.1      506.6     1.10e+05
2021 12 23  0915   59571   33300    0        1.0      511.7     1.16e+05
2021 12 23  0916   595