:Data_list: 20220107_ace_mag_1m.txt
:Created: 2022 Jan 07 1601 UT
# Prepared by the U.S. Dept. of Commerce, NOAA, Space Weather Prediction Center
# Please send comments and suggestions to SWPC.Webmaster@noaa.gov 
# 
# Magnetometer values are in GSM coordinates.
# 
# Units: Bx, By, Bz, Bt in nT
# Units: Latitude  degrees +/-  90.0
# Units: Longitude degrees 0.0 - 360.0
# Status(S): 0 = nominal data, 1 to 8 = bad data record, 9 = no data
# Missing data values: -999.9
# Source: ACE Satellite - Magnetometer
#
#              1-minute averaged Real-time Interplanetary Magnetic Field Values 
# 
#                 Modified Seconds
# UT Date   Time  Julian   of the   ----------------  GSM Coordinates ---------------
# YR MO DA  HHMM    Day      Day    S     Bx      By      Bz      Bt     Lat.   Long.
#------------------------------------------------------------------------------------
2022 01 07  0000   59586       0    9  -999.9  -999.9  -999.9  -999.9  -999.9  -999.9
2022 01 07  0001   59586      60    9  -999.9  -999.9  -999.9  -999.9  -999.9  -999.9
2022 01 07  0002   59586     120    9  -999.9  -999.9  -999.9  -999.9  -999.9  -999.9
2022 01 07  0003   59586     180    9  -999.9  -999.9  -999.9  -999.9  -999.9  -999.9
2022 01 07  0004   59586     240    9  -999.9  -999.9  -999.9  -999.9  -999.9  -999.9
2022 01 07  0005   59586     300    9  -999.9  -999.9  -999.9  -999.9  -999.9  -999.9
2022 01 07  0006   59586     360    9  -999.9  -999.9  -999.9  -999.9  -999.9  -999.9
2022 01 07  0007   59586     420    9  -999.9  -999.9  -999.9  -999.9  -999.9  -999.9
2022 01 07  0008   59586     480    9  -999.9  -999.9  -999.9  -999.9  -999.9  -999.9
2022 01 07  0009   59586     540    9  -999.9  -999.9  -999.9  -999.9  -999.9  -999.9
2022 01 07  0010   59586     600    9  -999.9  -999.9  -999.9  -999.9  -999.9  -999.9
2022 01 07  0011   59586     660    9  -999.9  -999.9  -999.9  -999.9  -999.9  -999.9
2022 01 07  0012   59586     720    9  -999.9  -999.9  -999.9  -999.9  -999.9  -999.9
2022 01 07  0013   59586     780    9  -999.9  -999.9  -999.9  -999.9  -999.9  -999.9
2022 01 07  0014   59586     840    9  -999.9  -999.9  -999.9  -999.9  -999.9  -999.9
2022 01 07  0015   59586     900    9  -999.9  -999.9  -999.9  -999.9  -999.9  -999.9
2022 01 07  0016   59586     960    9  -999.9  -999.9  -999.9  -999.9  -999.9  -999.9
2022 01 07  0017   59586    1020    9  -999.9  -999.9  -999.9  -999.9  -999.9  -999.9
2022 01 07  0018   59586    1080    9  -999.9  -999.9  -999.9  -999.9  -999.9  -999.9
2022 01 07  0019   59586    1140    9  -999.9  -999.9  -999.9  -999.9  -999.9  -999.9
2022 01 07  0020   59586    1200    9  -999.9  -999.9  -999.9  -999.9  -999.9  -999.9
2022 01 07  0021   59586    1260    9  -999.9  -999.9  -999.9  -999.9  -999.9  -999.9
2022 01 07  0022   59586    1320    9  -999.9  -999.9  -999.9  -999.9  -999.9  -999.9
2022 01 07  0023   59586    1380    9  -999.9  -999.9  -999.9  -999.9  -999.9  -999.9
2022 01 07  0024   59586    1440    9  -999.9  -999.9  -999.9  -999.9  -999.9  -999.9
2022 01 07  0025   59586    1500    9  -999.9  -999.9  -999.9  -999.9  -999.9  -999.9
2022 01 07  0026   59586    1560    9  -999.9  -999.9  -999.9  -999.9  -999.9  -999.9
2022 01 07  0027   59586    1620    9  -999.9  -999.9  -999.9  -999.9  -999.9  -999.9
2022 01 07  0028   59586    1680    9  -999.9  -999.9  -999.9  -999.9  -999.9  -999.9
2022 01 07  0029   59586    1740    9  -999.9  -999.9  -999.9  -999.9  -999.9  -999.9
2022 01 07  0030   59586    1800    9  -999.9  -999.9  -999.9  -999.9  -999.9  -999.9
2022 01 07  0031   59586    1860    9  -999.9  -999.9  -999.9  -999.9  -999.9  -999.9
2022 01 07  0032   59586    1920    9  -999.9  -999.9  -999.9  -999.9  -999.9  -999.9
2022 01 07  0033   59586    1980    9  -999.9  -999.9  -999.9  -999.9  -999.9  -999.9
2022 01 07  0034   59586    2040    9  -999.9  -999.9  -999.9  -999.9  -999.9  -999.9
2022 01 07  0035   59586    2100    9  -999.9  -999.9  -999.9  -999.9  -999.9  -999.9
2022 01 07  0036   59586    2160    9  -999.9  -999.9  -999.9  -999.9  -999.9  -999.9
2022 01 07  0037   59586    2220    9  -999.9  -999.9  -999.9  -999.9  -999.9  -999.9
2022 01 07  0038   59586    2280    9  -999.9  -999.9  -999.9  -999.9  -999.9  -999.9
2022 01 07  0039   59586    2340    9  -999.9  -999.9  -999.9  -999.9  -999.9  -999.9
2022 01 07  0040   59586    2400    9  -999.9  -999.9  -999.9  -999.9  -999.9  -999.9
2022 01 07  0041   59586    2460    9  -999.9  -999.9  -999.9  -999.9  -999.9  -999.9
2022 01 07  0042   59586    2520    9  -999.9  -999.9  -999.9  -999.9  -999.9  -999.9
2022 01 07  0043   59586    2580    9  -999.9  -999.9  -999.9  -999.9  -999.9  -999.9
2022 01 07  0044   59586    2640    9  -999.9  -999.9  -999.9  -999.9  -999.9  -999.9
2022 01 07  0045   59586    2700    9  -999.9  -999.9  -999.9  -999.9  -999.9  -999.9
2022 01 07  0046   59586    2760    9  -999.9  -999.9  -999.9  -999.9  -999.9  -999.9
2022 01 07  0047   59586    2820    9  -999.9  -999.9  -999.9  -999.9  -999.9  -999.9
2022 01 07  0048   59586    2880    9  -999.9  -999.9  -999.9  -999.9  -999.9  -999.9
2022 01 07  0049   59586    2940    9  -999.9  -999.9  -999.9  -999.9  -999.9  -999.9
2022 01 07  0050   59586    3000    9  -999.9  -999.9  -999.9  -999.9  -999.9  -999.9
2022 01 07  0051   59586    3060    9  -999.9  -999.9  -999.9  -999.9  -999.9  -999.9
2022 01 07  0052   59586    3120    9  -999.9  -999.9  -999.9  -999.9  -999.9  -999.9
2022 01 07  0053   59586    3180    9  -999.9  -999.9  -999.9  -999.9  -999.9  -999.9
2022 01 07  0054   59586    3240    9  -999.9  -999.9  -999.9  -999.9  -999.9  -999.9
2022 01 07  0055   59586    3300    9  -999.9  -999.9  -999.9  -999.9  -999.9  -999.9
2022 01 07  0056   59586    3360    9  -999.9  -999.9  -999.9  -999.9  -999.9  -999.9
2022 01 07  0057   59586    3420    9  -999.9  -999.9  -999.9  -999.9  -999.9  -999.9
2022 01 07  0058   59586    3480    9  -999.9  -999.9  -999.9  -999.9  -999.9  -999.9
2022 01 07  0059   59586    3540    9  -999.9  -999.9  -999.9  -999.9  -999.9  -999.9
2022 01 07  0100   59586    3600    9  -999.9  -999.9  -999.9  -999.9  -999.9  -999.9
2022 01 07  0101   59586    3660    9  -999.9  -999.9  -999.9  -999.9  -999.9  -999.9
2022 01 07  0102   59586    3720    9  -999.9  -999.9  -999.9  -999.9  -999.9  -999.9
2022 01 07  0103   59586    3780    9  -999.9  -999.9  -999.9  -999.9  -999.9  -999.9
2022 01 07  0104   59586    3840    9  -999.9  -999.9  -999.9  -999.9  -999.9  -999.9
2022 01 07  0105   59586    3900    9  -999.9  -999.9  -999.9  -999.9  -999.9  -999.9
2022 01 07  0106   59586    3960    9  -999.9  -999.9  -999.9  -999.9  -999.9  -999.9
2022 01 07  0107   59586    4020    9  -999.9  -999.9  -999.9  -999.9  -999.9  -999.9
2022 01 07  0108   59586    4080    9  -999.9  -999.9  -999.9  -999.9  -999.9  -999.9
2022 01 07  0109   59586    4140    9  -999.9  -999.9  -999.9  -999.9  -999.9  -999.9
2022 01 07  0110   59586    4200    9  -999.9  -999.9  -999.9  -999.9  -999.9  -999.9
2022 01 07  0111   59586    4260    9  -999.9  -999.9  -999.9  -999.9  -999.9  -999.9
2022 01 07  0112   59586    4320    9  -999.9  -999.9  -999.9  -999.9  -999.9  -999.9
2022 01 07  0113   59586    4380    9  -999.9  -999.9  -999.9  -999.9  -999.9  -999.9
2022 01 07  0114   59586    4440    9  -999.9  -999.9  -999.9  -999.9  -999.9  -999.9
2022 01 07  0115   59586    4500    9  -999.9  -999.9  -999.9  -999.9  -999.9  -999.9
2022 01 07  0116   59586    4560    9  -999.9  -999.9  -999.9  -999.9  -999.9  -999.9
2022 01 07  0117   59586    4620    9  -999.9  -999.9  -999.9  -999.9  -999.9  -999.9
2022 01 07  0118   59586    4680    9  -999.9  -999.9  -999.9  -999.9  -999.9  -999.9
2022 01 07  0119   59586    4740    9  -999.9  -999.9  -999.9  -999.9  -999.9  -999.9
2022 01 07  0120   59586    4800    9  -999.9  -999.9  -999.9  -999.9  -999.9  -999.9
2022 01 07  0121   59586    4860    9  -999.9  -999.9  -999.9  -999.9  -999.9  -999.9
2022 01 07  0122   59586    4920    9  -999.9  -999.9  -999.9  -999.9  -999.9  -999.9
2022 01 07  0123   59586    4980    9  -999.9  -999.9  -999.9  -999.9  -999.9  -999.9
2022 01 07  0124   59586    5040    9  -999.9  -999.9  -999.9  -999.9  -999.9  -999.9
2022 01 07  0125   59586    5100    9  -999.9  -999.9  -999.9  -999.9  -999.9  -999.9
2022 01 07  0126   59586    5160    9  -999.9  -999.9  -999.9  -999.9  -999.9  -999.9
2022 01 07  0127   59586    5220    9  -999.9  -999.9  -999.9  -999.9  -999.9  -999.9
2022 01 07  0128   59586    5280    9  -999.9  -999.9  -999.9  -999.9  -999.9  -999.9
2022 01 07  0129   59586    5340    9  -999.9  -999.9  -999.9  -999.9  -999.9  -999.9
2022 01 07  0130   59586    5400    9  -999.9  -999.9  -999.9  -999.9  -999.9  -999.9
2022 01 07  0131   59586    5460    9  -999.9  -999.9  -999.9  -999.9  -999.9  -999.9
2022 01 07  0132   59586    5520    9  -999.9  -999.9  -999.9  -999.9  -999.9  -999.9
2022 01 07  0133   59586    5580    9  -999.9  -999.9  -999.9  -999.9  -999.9  -999.9
2022 01 07  0134   59586    5640    9  -999.9  -999.9  -999.9  -999.9  -999.9  -999.9
2022 01 07  0135   59586    5700    9  -999.9  -999.9  -999.9  -999.9  -999.9  -999.9
2022 01 07  0136   59586    5760    9  -999.9  -999.9  -999.9  -999.9  -999.9  -999.9
2022 01 07  0137   59586    5820    9  -999.9  -999.9  -999.9  -999.9  -999.9  -999.9
2022 01 07  0138   59586    5880    9  -999.9  -999.9  -999.9  -999.9  -999.9  -999.9
2022 01 07  0139   59586    5940    9  -999.9  -999.9  -999.9  -999.9  -999.9  -999.9
2022 01 07  0140   59586    6000    9  -999.9  -999.9  -999.9  -999.9  -999.9  -999.9
2022 01 07  0141   59586    6060    9  -999.9  -999.9  -999.9  -999.9  -999.9  -999.9
2022 01 07  0142   59586    6120    9  -999.9  -999.9  -999.9  -999.9  -999.9  -999.9
2022 01 07  0143   59586    6180    9  -999.9  -999.9  -999.9  -999.9  -999.9  -999.9
2022 01 07  0144   59586    6240    9  -999.9  -999.9  -999.9  -999.9  -999.9  -999.9
2022 01 07  0145   59586    6300    9  -999.9  -999.9  -999.9  -999.9  -999.9  -999.9
2022 01 07  0146   59586    6360    9  -999.9  -999.9  -999.9  -999.9  -999.9  -999.9
2022 01 07  0147   59586    6420    9  -999.9  -999.9  -999.9  -999.9  -999.9  -999.9
2022 01 07  0148   59586    6480    9  -999.9  -999.9  -999.9  -999.9  -999.9  -999.9
2022 01 07  0149   59586    6540    9  -999.9  -999.9  -999.9  -999.9  -999.9  -999.9
2022 01 07  0150   59586    6600    9  -999.9  -999.9  -999.9  -999.9  -999.9  -999.9
2022 01 07  0151   59586    6660    9  -999.9  -999.9  -999.9  -999.9  -999.9  -999.9
2022 01 07  0152   59586    6720    9  -999.9  -999.9  -999.9  -999.9  -999.9  -999.9
2022 01 07  0153   59586    6780    9  -999.9  -999.9  -999.9  -999.9  -999.9  -999.9
2022 01 07  0154   59586    6840    9  -999.9  -999.9  -999.9  -999.9  -999.9  -999.9
2022 01 07  0155   59586    6900    9  -999.9  -999.9  -999.9  -999.9  -999.9  -999.9
2022 01 07  0156   59586    6960    9  -999.9  -999.9  -999.9  -999.9  -999.9  -999.9
2022 01 07  0157   59586    7020    9  -999.9  -999.9  -999.9  -999.9  -999.9  -999.9
2022 01 07  0158   59586    7080    9  -999.9  -999.9  -999.9  -999.9  -999.9  -999.9
2022 01 07  0159   59586    7140    9  -999.9  -999.9  -999.9  -999.9  -999.9  -999.9
2022 01 07  0200   59586    7200    9  -999.9  -999.9  -999.9  -999.9  -999.9  -999.9
2022 01 07  0201   59586    7260    9  -999.9  -999.9  -999.9  -999.9  -999.9  -999.9
2022 01 07  0202   59586    7320    9  -999.9  -999.9  -999.9  -999.9  -999.9  -999.9
2022 01 07  0203   59586    7380    9  -999.9  -999.9  -999.9  -999.9  -999.9  -999.9
2022 01 07  0204   59586    7440    9  -999.9  -999.9  -999.9  -999.9  -999.9  -999.9
2022 01 07  0205   59586    7500    9  -999.9  -999.9  -999.9  -999.9  -999.9  -999.9
2022 01 07  0206   59586    7560    9  -999.9  -999.9  -999.9  -999.9  -999.9  -999.9
2022 01 07  0207   59586    7620    9  -999.9  -999.9  -999.9  -999.9  -999.9  -999.9
2022 01 07  0208   59586    7680    9  -999.9  -999.9  -999.9  -999.9  -999.9  -999.9
2022 01 07  0209   59586    7740    9  -999.9  -999.9  -999.9  -999.9  -999.9  -999.9
2022 01 07  0210   59586    7800    9  -999.9  -999.9  -999.9  -999.9  -999.9  -999.9
2022 01 07  0211   59586    7860    9  -999.9  -999.9  -999.9  -999.9  -999.9  -999.9
2022 01 07  0212   59586    7920    9  -999.9  -999.9  -999.9  -999.9  -999.9  -999.9
2022 01 07  0213   59586    7980    9  -999.9  -999.9  -999.9  -999.9  -999.9  -999.9
2022 01 07  0214   59586    8040    9  -999.9  -999.9  -999.9  -999.9  -999.9  -999.9
2022 01 07  0215   59586    8100    9  -999.9  -999.9  -999.9  -999.9  -999.9  -999.9
2022 01 07  0216   59586    8160    9  -999.9  -999.9  -999.9  -999.9  -999.9  -999.9
2022 01 07  0217   59586    8220    9  -999.9  -999.9  -999.9  -999.9  -999.9  -999.9
2022 01 07  0218   59586    8280    9  -999.9  -999.9  -999.9  -999.9  -999.9  -999.9
2022 01 07  0219   59586    8340    9  -999.9  -999.9  -999.9  -999.9  -999.9  -999.9
2022 01 07  0220   59586    8400    9  -999.9  -999.9  -999.9  -999.9  -999.9  -999.9
2022 01 07  0221   59586    8460    9  -999.9  -999.9  -999.9  -999.9  -999.9  -999.9
2022 01 07  0222   59586    8520    9  -999.9  -999.9  -999.9  -999.9  -999.9  -999.9
2022 01 07  0223   59586    8580    9  -999.9  -999.9  -999.9  -999.9  -999.9  -999.9
2022 01 07  0224   59586    8640    9  -999.9  -999.9  -999.9  -999.9  -999.9  -999.9
2022 01 07  0225   59586    8700    9  -999.9  -999.9  -999.9  -999.9  -999.9  -999.9
2022 01 07  0226   59586    8760    9  -999.9  -999.9  -999.9  -999.9  -999.9  -999.9
2022 01 07  0227   59586    8820    0    -6.1     0.8    -1.8     6.4   -16.0   172.6
2022 01 07  0228   59586    8880    0    -0.9     4.6     3.7     5.9    38.1   100.6
2022 01 07  0229   59586    8940    0     4.6    -2.2    -0.3     5.1    -2.8   334.4
2022 01 07  0230   59586    9000    9  -999.9  -999.9  -999.9  -999.9  -999.9  -999.9
2022 01 07  0231   59586    9060    9  -999.9  -999.9  -999.9  -999.9  -999.9  -999.9
2022 01 07  0232   59586    9120    9  -999.9  -999.9  -999.9  -999.9  -999.9  -999.9
2022 01 07  0233   59586    9180    9  -999.9  -999.9  -999.9  -999.9  -999.9  -999.9
2022 01 07  0234   59586    9240    9  -999.9  -999.9  -999.9  -999.9  -999.9  -999.9
2022 01 07  0235   59586    9300    9  -999.9  -999.9  -999.9  -999.9  -999.9  -999.9
2022 01 07  0236   59586    9360    9  -999.9  -999.9  -999.9  -999.9  -999.9  -999.9
2022 01 07  0237   59586    9420    9  -999.9  -999.9  -999.9  -999.9  -999.9  -999.9
2022 01 07  0238   59586    9480    9  -999.9  -999.9  -999.9  -999.9  -999.9  -999.9
2022 01 07  0239   59586    9540    9  -999.9  -999.9  -999.9  -999.9  -999.9  -999.9
2022 01 07  0240   59586    9600    9  -999.9  -999.9  -999.9  -999.9  -999.9  -999.9
2022 01 07  0241   59586    9660    9  -999.9  -999.9  -999.9  -999.9  -999.9  -999.9
2022 01 07  0242   59586    9720    9  -999.9  -999.9  -999.9  -999.9  -999.9  -999.9
2022 01 07  0243   59586    9780    9  -999.9  -999.9  -999.9  -999.9  -999.9  -999.9
2022 01 07  0244   59586    9840    9  -999.9  -999.9  -999.9  -999.9  -999.9  -999.9
2022 01 07  0245   59586    9900    9  -999.9  -999.9  -999.9  -999.9  -999.9  -999.9
2022 01 07  0246   59586    9960    9  -999.9  -999.9  -999.9  -999.9  -999.9  -999.9
2022 01 07  0247   59586   10020    9  -999.9  -999.9  -999.9  -999.9  -999.9  -999.9
2022 01 07  0248   59586   10080    9  -999.9  -999.9  -999.9  -999.9  -999.9  -999.9
2022 01 07  0249   59586   10140    9  -999.9  -999.9  -999.9  -999.9  -999.9  -999.9
2022 01 07  0250   59586   10200    9  -999.9  -999.9  -999.9  -999.9  -999.9  -999.9
2022 01 07  0251   59586   10260    9  -999.9  -999.9  -999.9  -999.9  -999.9  -999.9
2022 01 07  0252   59586   10320    9  -999.9  -999.9  -999.9  -999.9  -999.9  -999.9
2022 01 07  0253   59586   10380    9  -999.9  -999.9  -999.9  -999.9  -999.9  -999.9
2022 01 07  0254   59586   10440    9  -999.9  -999.9  -999.9  -999.9  -999.9  -999.9
2022 01 07  0255   59586   10500    9  -999.9  -999.9  -999.9  -999.9  -999.9  -999.9
2022 01 07  0256   59586   10560    9  -999.9  -999.9  -999.9  -999.9  -999.9  -999.9
2022 01 07  0257   59586   10620    9  -999.9  -999.9  -999.9  -999.9  -999.9  -999.9
2022 01 07  0258   59586   10680    9  -999.9  -999.9  -999.9  -999.9  -999.9  -999.9
2022 01 07  0259   59586   10740    9  -999.9  -999.9  -999.9  -999.9  -999.9  -999.9
2022 01 07  0300   59586   10800    9  -999.9  -999.9  -999.9  -999.9  -999.9  -999.9
2022 01 07  0301   59586   10860    9  -999.9  -999.9  -999.9  -999.9  -999.9  -999.9
2022 01 07  0302   59586   10920    9  -999.9  -999.9  -999.9  -999.9  -999.9  -999.9
2022 01 07  0303   59586   10980    9  -999.9  -999.9  -999.9  -999.9  -999.9  -999.9
2022 01 07  0304   59586   11040    9  -999.9  -999.9  -999.9  -999.9  -999.9  -999.9
2022 01 07  0305   59586   11100    9  -999.9  -999.9  -999.9  -999.9  -999.9  -999.9
2022 01 07  0306   59586   11160    0    -0.2    -4.3    -6.2     7.5   -55.0   267.7
2022 01 07  0307   59586   11220    0     0.7    -0.5     3.5     3.6    76.2   326.5
2022 01 07  0308   59586   11280    9  -999.9  -999.9  -999.9  -999.9  -999.9  -999.9
2022 01 07  0309   59586   11340    9  -999.9  -999.9  -999.9  -999.9  -999.9  -999.9
2022 01 07  0310   59586   11400    9  -999.9  -999.9  -999.9  -999.9  -999.9  -999.9
2022 01 07  0311   59586   11460    9  -999.9  -999.9  -999.9  -999.9  -999.9  -999.9
2022 01 07  0312   59586   11520    9  -999.9  -999.9  -999.9  -999.9  -999.9  -999.9
2022 01 07  0313   59586   11580    9  -999.9  -999.9  -999.9  -999.9  -999.9  -999.9
2022 01 07  0314   59586   11640    9  -999.9  -999.9  -999.9  -999.9  -999.9  -999.9
2022 01 07  0315   59586   11700    9  -999.9  -999.9  -999.9  -999.9  -999.9  -999.9
2022 01 07  0316   59586   11760    9  -999.9  -999.9  -999.9  -999.9  -999.9  -999.9
2022 01 07  0317   59586   11820    9  -999.9  -999.9  -999.9  -999.9  -999.9  -999.9
2022 01 07  0318   59586   11880    9  -999.9  -999.9  -999.9  -999.9  -999.9  -999.9
2022 01 07  0319   59586   11940    9  -999.9  -999.9  -999.9  -999.9  -999.9  -999.9
2022 01 07  0320   59586   12000    9  -999.9  -999.9  -999.9  -999.9  -999.9  -999.9
2022 01 07  0321   59586   12060    9  -999.9  -999.9  -999.9  -999.9  -999.9  -999.9
2022 01 07  0322   59586   12120    9  -999.9  -999.9  -999.9  -999.9  -999.9  -999.9
2022 01 07  0323   59586   12180    9  -999.9  -999.9  -999.9  -999.9  -999.9  -999.9
2022 01 07  0324   59586   12240    9  -999.9  -999.9  -999.9  -999.9  -999.9  -999.9
2022 01 07  0325   59586   12300    0    -1.9     1.5     0.9     2.6    19.6   142.1
2022 01 07  0326   59586   12360    9  -999.9  -999.9  -999.9  -999.9  -999.9  -999.9
2022 01 07  0327   59586   12420    9  -999.9  -999.9  -999.9  -999.9  -999.9  -999.9
2022 01 07  0328   59586   12480    9  -999.9  -999.9  -999.9  -999.9  -999.9  -999.9
2022 01 07  0329   59586   12540    0     1.0    -0.4    -2.5     2.8   -67.0   341.0
2022 01 07  0330   59586   12600    9  -999.9  -999.9  -999.9  -999.9  -999.9  -999.9
2022 01 07  0331   59586   12660    9  -999.9  -999.9  -999.9  -999.9  -999.9  -999.9
2022 01 07  0332   59586   12720    9  -999.9  -999.9  -999.9  -999.9  -999.9  -999.9
2022 01 07  0333   59586   12780    9  -999.9  -999.9  -999.9  -999.9  -999.9  -999.9
2022 01 07  0334   59586   12840    9  -999.9  -999.9  -999.9  -999.9  -999.9  -999.9
2022 01 07  0335   59586   12900    9  -999.9  -999.9  -999.9  -999.9  -999.9  -999.9
2022 01 07  0336   59586   12960    9  -999.9  -999.9  -999.9  -999.9  -999.9  -999.9
2022 01 07  0337   59586   13020    9  -999.9  -999.9  -999.9  -999.9  -999.9  -999.9
2022 01 07  0338   59586   13080    9  -999.9  -999.9  -999.9  -999.9  -999.9  -999.9
2022 01 07  0339   59586   13140    9  -999.9  -999.9  -999.9  -999.9  -999.9  -999.9
2022 01 07  0340   59586   13200    0     2.1     0.6    -2.1     3.0   -45.1    15.6
2022 01 07  0341   59586   13260    0    -1.0     1.4     0.7     1.9    22.3   126.8
2022 01 07  0342   59586   13320    9  -999.9  -999.9  -999.9  -999.9  -999.9  -999.9
2022 01 07  0343   59586   13380    9  -999.9  -999.9  -999.9  -999.9  -999.9  -999.9
2022 01 07  0344   59586   13440    9  -999.9  -999.9  -999.9  -999.9  -999.9  -999.9
2022 01 07  0345   59586   13500    9  -999.9  -999.9  -999.9  -999.9  -999.9  -999.9
2022 01 07  0346   59586   13560    9  -999.9  -999.9  -999.9  -999.9  -999.9  -999.9
2022 01 07  0347   59586   13620    9  -999.9  -999.9  -999.9  -999.9  -999.9  -999.9
2022 01 07  0348   59586   13680    9  -999.9  -999.9  -999.9  -999.9  -999.9  -999.9
2022 01 07  0349   59586   13740    0    -4.3    -3.2     1.6     5.6    16.4   216.8
2022 01 07  0350   59586   13800    0    -3.6    -1.1     0.5     3.8     7.4   197.0
2022 01 07  0351   59586   13860    9  -999.9  -999.9  -999.9  -999.9  -999.9  -999.9
2022 01 07  0352   59586   13920    9  -999.9  -999.9  -999.9  -999.9  -999.9  -999.9
2022 01 07  0353   59586   13980    9  -999.9  -999.9  -999.9  -999.9  -999.9  -999.9
2022 01 07  0354   59586   14040    9  -999.9  -999.9  -999.9  -999.9  -999.9  -999.9
2022 01 07  0355   59586   14100    9  -999.9  -999.9  -999.9  -999.9  -999.9  -999.9
2022 01 07  0356   59586   14160    0    -0.6    -0.3    -0.5     0.9   -39.2   202.7
2022 01 07  0357   59586   14220    0    -2.3     4.3    -3.2     5.8   -32.9   117.9
2022 01 07  0358   59586   14280    9  -999.9  -999.9  -999.9  -999.9  -999.9  -999.9
2022 01 07  0359   59586   14340    9  -999.9  -999.9  -999.9  -999.9  -999.9  -999.9
2022 01 07  0400   59586   14400    9  -999.9  -999.9  -999.9  -999.9  -999.9  -999.9
2022 01 07  0401   59586   14460    9  -999.9  -999.9  -999.9  -999.9  -999.9  -999.9
2022 01 07  0402   59586   14520    9  -999.9  -999.9  -999.9  -999.9  -999.9  -999.9
2022 01 07  0403   59586   14580    9  -999.9  -999.9  -999.9  -999.9  -999.9  -999.9
2022 01 07  0404   59586   14640    9  -999.9  -999.9  -999.9  -999.9  -999.9  -999.9
2022 01 07  0405   59586   14700    9  -999.9  -999.9  -999.9  -999.9  -999.9  -999.9
2022 01 07  0406   59586   14760    9  -999.9  -999.9  -999.9  -999.9  -999.9  -999.9
2022 01 07  0407   59586   14820    9  -999.9  -999.9  -999.9  -999.9  -999.9  -999.9
2022 01 07  0408   59586   14880    0    -3.9    -1.2     0.2     4.1     2.3   197.7
2022 01 07  0409   59586   14940    9  -999.9  -999.9  -999.9  -999.9  -999.9  -999.9
2022 01 07  0410   59586   15000    9  -999.9  -999.9  -999.9  -999.9  -999.9  -999.9
2022 01 07  0411   59586   15060    0     1.4    -2.4     3.0     4.1    46.5   300.6
2022 01 07  0412   59586   15120    9  -999.9  -999.9  -999.9  -999.9  -999.9  -999.9
2022 01 07  0413   59586   15180    9  -999.9  -999.9  -999.9  -999.9  -999.9  -999.9
2022 01 07  0414   59586   15240    0    -3.5    -0.5    -1.3     3.8   -20.9   187.4
2022 01 07  0415   59586   15300    9  -999.9  -999.9  -999.9  -999.9  -999.9  -999.9
2022 01 07  0416   59586   15360    0    -3.7    -2.6     0.3     4.5     4.3   214.9
2022 01 07  0417   59586   15420    9  -999.9  -999.9  -999.9  -999.9  -999.9  -999.9
2022 01 07  0418   59586   15480    0    -4.0    -2.0    -2.8     5.3   -32.3   206.3
2022 01 07  0419   59586   15540    9  -999.9  -999.9  -999.9  -999.9  -999.9  -999.9
2022 01 07  0420   59586   15600    0    -5.5     2.8    -2.2     6.6   -19.6   153.3
2022 01 07  0421   59586   15660    0    -0.5     0.8     1.3     1.6    54.0   124.7
2022 01 07  0422   59586   15720    9  -999.9  -999.9  -999.9  -999.9  -999.9  -999.9
2022 01 07  0423   59586   15780    9  -999.9  -999.9  -999.9  -999.9  -999.9  -999.9
2022 01 07  0424   59586   15840    9  -999.9  -999.9  -999.9  -999.9  -999.9  -999.9
2022 01 07  0425   59586   15900    9  -999.9  -999.9  -999.9  -999.9  -999.9  -999.9
2022 01 07  0426   59586   15960    9  -999.9  -999.9  -999.9  -999.9  -999.9  -999.9
2022 01 07  0427   59586   16020    0    -1.1     1.3    -0.9     1.9   -27.8   130.8
2022 01 07  0428   59586   16080    0    -2.2    -4.9     5.0     7.4    42.6   245.7
2022 01 07  0429   59586   16140    9  -999.9  -999.9  -999.9  -999.9  -999.9  -999.9
2022 01 07  0430   59586   16200    0    -2.4     0.8    -0.9     2.6   -19.1   161.5
2022 01 07  0431   59586   16260    9  -999.9  -999.9  -999.9  -999.9  -999.9  -999.9
2022 01 07  0432   59586   16320    0    -1.7     0.6     1.1     2.1    32.8   161.0
2022 01 07  0433   59586   16380    9  -999.9  -999.9  -999.9  -999.9  -999.9  -999.9
2022 01 07  0434   59586   16440    0    -1.9    -0.4     0.2     2.0     4.4   191.0
2022 01 07  0435   59586   16500    9  -999.9  -999.9  -999.9  -999.9  -999.9  -999.9
2022 01 07  0436   59586   16560    9  -999.9  -999.9  -999.9  -999.9  -999.9  -999.9
2022 01 07  0437   59586   16620    9  -999.9  -999.9  -999.9  -999.9  -999.9  -999.9
2022 01 07  0438   59586   16680    0    -7.5     1.7     8.3    11.3    47.1   167.3
2022 01 07  0439   59586   16740    0    -4.7     0.2    -2.6     5.4   -29.1   177.1
2022 01 07  0440   59586   16800    0    -1.3     1.4    -0.1     2.0    -3.6   133.2
2022 01 07  0441   59586   16860    0     4.0     1.7     1.5     4.6    18.6    22.7
2022 01 07  0442   59586   16920    9  -999.9  -999.9  -999.9  -999.9  -999.9  -999.9
2022 01 07  0443   59586   16980    9  -999.9  -999.9  -999.9  -999.9  -999.9  -999.9
2022 01 07  0444   59586   17040    0    -2.3     0.1    -2.3     3.2   -43.8   177.8
2022 01 07  0445   59586   17100    0    -3.0     1.5     2.4     4.2    35.5   153.1
2022 01 07  0446   59586   17160    9  -999.9  -999.9  -999.9  -999.9  -999.9  -999.9
2022 01 07  0447   59586   17220    0    -0.5    -1.4    -1.9     2.4   -52.0   251.1
2022 01 07  0448   59586   17280    0    -1.6    -0.5     0.1     1.7     5.0   197.8
2022 01 07  0449   59586   17340    0    -3.1    -0.1     0.1     3.1     1.0   181.3
2022 01 07  0450   59586   17400    9  -999.9  -999.9  -999.9  -999.9  -999.9  -999.9
2022 01 07  0451   59586   17460    9  -999.9  -999.9  -999.9  -999.9  -999.9  -999.9
2022 01 07  0452   59586   17520    9  -999.9  -999.9  -999.9  -999.9  -999.9  -999.9
2022 01 07  0453   59586   17580    9  -999.9  -999.9  -999.9  -999.9  -999.9  -999.9
2022 01 07  0454   59586   17640    9  -999.9  -999.9  -999.9  -999.9  -999.9  -999.9
2022 01 07  0455   59586   17700    9  -999.9  -999.9  -999.9  -999.9  -999.9  -999.9
2022 01 07  0456   59586   17760    9  -999.9  -999.9  -999.9  -999.9  -999.9  -999.9
2022 01 07  0457   59586   17820    9  -999.9  -999.9  -999.9  -999.9  -999.9  -999.9
2022 01 07  0458   59586   17880    9  -999.9  -999.9  -999.9  -999.9  -999.9  -999.9
2022 01 07  0459   59586   17940    0    -3.8     1.5     0.2     4.1     2.6   158.7
2022 01 07  0500   59586   18000    9  -999.9  -999.9  -999.9  -999.9  -999.9  -999.9
2022 01 07  0501   59586   18060    9  -999.9  -999.9  -999.9  -999.9  -999.9  -999.9
2022 01 07  0502   59586   18120    0    -2.9    -0.2    -1.9     3.5   -32.5   184.3
2022 01 07  0503   59586   18180    0    -3.1     0.2    -2.3     3.9   -37.4   176.3
2022 01 07  0504   59586   18240    0    -3.0     0.2    -2.3     3.8   -37.9   176.5
2022 01 07  0505   59586   18300    0    -2.7     0.1    -2.3     3.6   -40.7   177.4
2022 01 07  0506   59586   18360    0    -3.0    -0.3    -1.6     3.5   -28.3   186.1
2022 01 07  0507   59586   18420    0    -3.0    -0.2    -2.4     3.8   -38.7   183.3
2022 01 07  0508   59586   18480    0    -3.0    -0.1    -2.4     3.8   -38.6   182.3
2022 01 07  0509   59586   18540    0    -2.9    -0.1    -2.4     3.7   -39.9   182.8
2022 01 07  0510   59586   18600    0    -2.9    -0.0    -2.4     3.8   -39.2   180.2
2022 01 07  0511   59586   18660    0    -3.1    -0.0    -2.2     3.9   -35.4   180.5
2022 01 07  0512   59586   18720    0    -3.0     0.1    -2.4     3.9   -39.0   178.6
2022 01 07  0513   59586   18780    0    -2.9     0.3    -1.9     3.5   -33.4   174.6
2022 01 07  0514   59586   18840    0    -3.4     1.2    -0.3     3.6    -4.7   160.9
2022 01 07  0515   59586   18900    0    -3.0     1.7     0.8     3.5    13.8   150.4
2022 01 07  0516   59586   18960    0    -1.3     1.2     1.9     2.6    47.3   136.5
2022 01 07  0517   59586   19020    0    -0.7     1.3     2.6     3.0    59.8   116.8
2022 01 07  0518   59586   19080    0    -0.6     1.6     3.1     3.5    60.8   111.7
2022 01 07  0519   59586   19140    0    -0.4     1.4     2.7     3.0    61.9   107.6
2022 01 07  0520   59586   19200    0    -0.6     1.6     3.0     3.4    60.2   111.1
2022 01 07  0521   59586   19260    0    -0.7     1.7     2.9     3.4    57.3   111.9
2022 01 07  0522   59586   19320    0    -0.5     1.6     2.9     3.4    60.4   108.5
2022 01 07  0523   59586   19380    0    -0.8     1.9     2.7     3.4    53.7   111.9
2022 01 07  0524   59586   19440    0    -0.8     1.7     2.8     3.4    55.5   115.1
2022 01 07  0525   59586   19500    0    -1.4     2.1     2.4     3.5    44.4   124.7
2022 01 07  0526   59586   19560    0    -1.7     2.2     2.2     3.5    38.7   126.6
2022 01 07  0527   59586   19620    0    -1.8     1.9     2.4     3.5    42.7   133.0
2022 01 07  0528   59586   19680    0    -1.9     2.1     2.2     3.6    37.9   132.5
2022 01 07  0529   59586   19740    0    -1.8     2.2     2.0     3.5    35.4   129.6
2022 01 07  0530   59586   19800    0    -1.8     2.3     1.8     3.5    31.3   127.5
2022 01 07  0531   59586   19860    0    -1.9     2.4     1.4     3.3    24.6   129.0
2022 01 07  0532   59586   19920    0    -1.8     2.3     1.9     3.5    33.2   128.0
2022 01 07  0533   59586   19980    0    -2.1     2.5     0.9     3.4    14.8   130.0
2022 01 07  0534   59586   20040    0    -2.2     2.5     0.4     3.4     6.3   131.7
2022 01 07  0535   59586   20100    0    -2.3     2.4     0.5     3.4     8.9   133.4
2022 01 07  0536   59586   20160    0    -2.3     2.4     0.8     3.4    14.0   133.7
2022 01 07  0537   59586   20220    0    -1.7     1.7     1.8     3.0    37.4   135.3
2022 01 07  0538   59586   20280    9  -999.9  -999.9  -999.9  -999.9  -999.9  -999.9
2022 01 07  0539   59586   20340    9  -999.9  -999.9  -999.9  -999.9  -999.9  -999.9
2022 01 07  0540   59586   20400    9  -999.9  -999.9  -999.9  -999.9  -999.9  -999.9
2022 01 07  0541   59586   20460    9  -999.9  -999.9  -999.9  -999.9  -999.9  -999.9
2022 01 07  0542   59586   20520    9  -999.9  -999.9  -999.9  -999.9  -999.9  -999.9
2022 01 07  0543   59586   20580    9  -999.9  -999.9  -999.9  -999.9  -999.9  -999.9
2022 01 07  0544   59586   20640    9  -999.9  -999.9  -999.9  -999.9  -999.9  -999.9
2022 01 07  0545   59586   20700    9  -999.9  -999.9  -999.9  -999.9  -999.9  -999.9
2022 01 07  0546   59586   20760    9  -999.9  -999.9  -999.9  -999.9  -999.9  -999.9
2022 01 07  0547   59586   20820    9  -999.9  -999.9  -999.9  -999.9  -999.9  -999.9
2022 01 07  0548   59586   20880    9  -999.9  -999.9  -999.9  -999.9  -999.9  -999.9
2022 01 07  0549   59586   20940    9  -999.9  -999.9  -999.9  -999.9  -999.9  -999.9
2022 01 07  0550   59586   21000    9  -999.9  -999.9  -999.9  -999.9  -999.9  -999.9
2022 01 07  0551   59586   21060    9  -999.9  -999.9  -999.9  -999.9  -999.9  -999.9
2022 01 07  0552   59586   21120    9  -999.9  -999.9  -999.9  -999.9  -999.9  -999.9
2022 01 07  0553   59586   21180    9  -999.9  -999.9  -999.9  -999.9  -999.9  -999.9
2022 01 07  0554   59586   21240    9  -999.9  -999.9  -999.9  -999.9  -999.9  -999.9
2022 01 07  0555   59586   21300    9  -999.9  -999.9  -999.9  -999.9  -999.9  -999.9
2022 01 07  0556   59586   21360    9  -999.9  -999.9  -999.9  -999.9  -999.9  -999.9
2022 01 07  0557   59586   21420    9  -999.9  -999.9  -999.9  -999.9  -999.9  -999.9
2022 01 07  0558   59586   21480    9  -999.9  -999.9  -999.9  -999.9  -999.9  -999.9
2022 01 07  0559   59586   21540    9  -999.9  -999.9  -999.9  -999.9  -999.9  -999.9
2022 01 07  0600   59586   21600    9  -999.9  -999.9  -999.9  -999.9  -999.9  -999.9
2022 01 07  0601   59586   21660    9  -999.9  -999.9  -999.9  -999.9  -999.9  -999.9
2022 01 07  0602   59586   21720    9  -999.9  -999.9  -999.9  -999.9  -999.9  -999.9
2022 01 07  0603   59586   21780    9  -999.9  -999.9  -999.9  -999.9  -999.9  -999.9
2022 01 07  0604   59586   21840    9  -999.9  -999.9  -999.9  -999.9  -999.9  -999.9
2022 01 07  0605   59586   21900    9  -999.9  -999.9  -999.9  -999.9  -999.9  -999.9
2022 01 07  0606   59586   21960    9  -999.9  -999.9  -999.9  -999.9  -999.9  -999.9
2022 01 07  0607   59586   22020    9  -999.9  -999.9  -999.9  -999.9  -999.9  -999.9
2022 01 07  0608   59586   22080    9  -999.9  -999.9  -999.9  -999.9  -999.9  -999.9
2022 01 07  0609   59586   22140    9  -999.9  -999.9  -999.9  -999.9  -999.9  -999.9
2022 01 07  0610   59586   22200    9  -999.9  -999.9  -999.9  -999.9  -999.9  -999.9
2022 01 07  0611   59586   22260    9  -999.9  -999.9  -999.9  -999.9  -999.9  -999.9
2022 01 07  0612   59586   22320    9  -999.9  -999.9  -999.9  -999.9  -999.9  -999.9
2022 01 07  0613   59586   22380    9  -999.9  -999.9  -999.9  -999.9  -999.9  -999.9
2022 01 07  0614   59586   22440    9  -999.9  -999.9  -999.9  -999.9  -999.9  -999.9
2022 01 07  0615   59586   22500    9  -999.9  -999.9  -999.9  -999.9  -999.9  -999.9
2022 01 07  0616   59586   22560    9  -999.9  -999.9  -999.9  -999.9  -999.9  -999.9
2022 01 07  0617   59586   22620    9  -999.9  -999.9  -999.9  -999.9  -999.9  -999.9
2022 01 07  0618   59586   22680    9  -999.9  -999.9  -999.9  -999.9  -999.9  -999.9
2022 01 07  0619   59586   22740    9  -999.9  -999.9  -999.9  -999.9  -999.9  -999.9
2022 01 07  0620   59586   22800    9  -999.9  -999.9  -999.9  -999.9  -999.9  -999.9
2022 01 07  0621   59586   22860    9  -999.9  -999.9  -999.9  -999.9  -999.9  -999.9
2022 01 07  0622   59586   22920    9  -999.9  -999.9  -999.9  -999.9  -999.9  -999.9
2022 01 07  0623   59586   22980    9  -999.9  -999.9  -999.9  -999.9  -999.9  -999.9
2022 01 07  0624   59586   23040    9  -999.9  -999.9  -999.9  -999.9  -999.9  -999.9
2022 01 07  0625   59586   23100    9  -999.9  -999.9  -999.9  -999.9  -999.9  -999.9
2022 01 07  0626   59586   23160    9  -999.9  -999.9  -999.9  -999.9  -999.9  -999.9
2022 01 07  0627   59586   23220    9  -999.9  -999.9  -999.9  -999.9  -999.9  -999.9
2022 01 07  0628   59586   23280    9  -999.9  -999.9  -999.9  -999.9  -999.9  -999.9
2022 01 07  0629   59586   23340    9  -999.9  -999.9  -999.9  -999.9  -999.9  -999.9
2022 01 07  0630   59586   23400    9  -999.9  -999.9  -999.9  -999.9  -999.9  -999.9
2022 01 07  0631   59586   23460    9  -999.9  -999.9  -999.9  -999.9  -999.9  -999.9
2022 01 07  0632   59586   23520    9  -999.9  -999.9  -999.9  -999.9  -999.9  -999.9
2022 01 07  0633   59586   23580    9  -999.9  -999.9  -999.9  -999.9  -999.9  -999.9
2022 01 07  0634   59586   23640    9  -999.9  -999.9  -999.9  -999.9  -999.9  -999.9
2022 01 07  0635   59586   23700    9  -999.9  -999.9  -999.9  -999.9  -999.9  -999.9
2022 01 07  0636   59586   23760    9  -999.9  -999.9  -999.9  -999.9  -999.9  -999.9
2022 01 07  0637   59586   23820    9  -999.9  -999.9  -999.9  -999.9  -999.9  -999.9
2022 01 07  0638   59586   23880    9  -999.9  -999.9  -999.9  -999.9  -999.9  -999.9
2022 01 07  0639   59586   23940    9  -999.9  -999.9  -999.9  -999.9  -999.9  -999.9
2022 01 07  0640   59586   24000    9  -999.9  -999.9  -999.9  -999.9  -999.9  -999.9
2022 01 07  0641   59586   24060    9  -999.9  -999.9  -999.9  -999.9  -999.9  -999.9
2022 01 07  0642   59586   24120    9  -999.9  -999.9  -999.9  -999.9  -999.9  -999.9
2022 01 07  0643   59586   24180    9  -999.9  -999.9  -999.9  -999.9  -999.9  -999.9
2022 01 07  0644   59586   24240    9  -999.9  -999.9  -999.9  -999.9  -999.9  -999.9
2022 01 07  0645   59586   24300    9  -999.9  -999.9  -999.9  -999.9  -999.9  -999.9
2022 01 07  0646   59586   24360    9  -999.9  -999.9  -999.9  -999.9  -999.9  -999.9
2022 01 07  0647   59586   24420    9  -999.9  -999.9  -999.9  -999.9  -999.9  -999.9
2022 01 07  0648   59586   24480    9  -999.9  -999.9  -999.9  -999.9  -999.9  -999.9
2022 01 07  0649   59586   24540    9  -999.9  -999.9  -999.9  -999.9  -999.9  -999.9
2022 01 07  0650   59586   24600    9  -999.9  -999.9  -999.9  -999.9  -999.9  -999.9
2022 01 07  0651   59586   24660    9  -999.9  -999.9  -999.9  -999.9  -999.9  -999.9
2022 01 07  0652   59586   24720    9  -999.9  -999.9  -999.9  -999.9  -999.9  -999.9
2022 01 07  0653   59586   24780    9  -999.9  -999.9  -999.9  -999.9  -999.9  -999.9
2022 01 07  0654   59586   24840    9  -999.9  -999.9  -999.9  -999.9  -999.9  -999.9
2022 01 07  0655   59586   24900    9  -999.9  -999.9  -999.9  -999.9  -999.9  -999.9
2022 01 07  0656   59586   24960    9  -999.9  -999.9  -999.9  -999.9  -999.9  -999.9
2022 01 07  0657   59586   25020    9  -999.9  -999.9  -999.9  -999.9  -999.9  -999.9
2022 01 07  0658   59586   25080    9  -999.9  -999.9  -999.9  -999.9  -999.9  -999.9
2022 01 07  0659   59586   25140    9  -999.9  -999.9  -999.9  -999.9  -999.9  -999.9
2022 01 07  0700   59586   25200    0    -3.7     1.4     1.4     4.2    19.2   159.5
2022 01 07  0701   59586   25260    0    -3.7     1.4     1.3     4.1    18.2   159.8
2022 01 07  0702   59586   25320    0    -3.1     2.5     0.6     4.0     8.9   141.1
2022 01 07  0703   59586   25380    0    -2.9     2.7     0.6     4.0     8.5   136.5
2022 01 07  0704   59586   25440    0    -2.8     2.7     0.5     3.9     7.6   135.8
2022 01 07  0705   59586   25500    0    -3.0     2.1     1.7     4.0    24.2   144.7
2022 01 07  0706   59586   25560    9  -999.9  -999.9  -999.9  -999.9  -999.9  -999.9
2022 01 07  0707   59586   25620    9  -999.9  -999.9  -999.9  -999.9  -999.9  -999.9
2022 01 07  0708   59586   25680    9  -999.9  -999.9  -999.9  -999.9  -999.9  -999.9
2022 01 07  0709   59586   25740    9  -999.9  -999.9  -999.9  -999.9  -999.9  -999.9
2022 01 07  0710   59586   25800    9  -999.9  -999.9  -999.9  -999.9  -999.9  -999.9
2022 01 07  0711   59586   25860    9  -999.9  -999.9  -999.9  -999.9  -999.9  -999.9
2022 01 07  0712   59586   25920    0    -2.6     2.8     0.7     3.9    10.3   132.7
2022 01 07  0713   59586   25980    0    -1.0     2.8    -0.5     3.0    -8.8   109.1
2022 01 07  0714   59586   26040    0    -2.6     2.1    -0.0     3.4    -0.6   141.5
2022 01 07  0715   59586   26100    9  -999.9  -999.9  -999.9  -999.9  -999.9  -999.9
2022 01 07  0716   59586   26160    9  -999.9  -999.9  -999.9  -999.9  -999.9  -999.9
2022 01 07  0717   59586   26220    9  -999.9  -999.9  -999.9  -999.9  -999.9  -999.9
2022 01 07  0718   59586   26280    9  -999.9  -999.9  -999.9  -999.9  -999.9  -999.9
2022 01 07  0719   59586   26340    9  -999.9  -999.9  -999.9  -999.9  -999.9  -999.9
2022 01 07  0720   59586   26400    0    -2.8     2.8     0.4     3.9     5.4   134.6
2022 01 07  0721   59586   26460    0    -5.6     2.3    -2.1     6.4   -19.2   157.9
2022 01 07  0722   59586   26520    9  -999.9  -999.9  -999.9  -999.9  -999.9  -999.9
2022 01 07  0723   59586   26580    9  -999.9  -999.9  -999.9  -999.9  -999.9  -999.9
2022 01 07  0724   59586   26640    9  -999.9  -999.9  -999.9  -999.9  -999.9  -999.9
2022 01 07  0725   59586   26700    9  -999.9  -999.9  -999.9  -999.9  -999.9  -999.9
2022 01 07  0726   59586   26760    9  -999.9  -999.9  -999.9  -999.9  -999.9  -999.9
2022 01 07  0727   59586   26820    9  -999.9  -999.9  -999.9  -999.9  -999.9  -999.9
2022 01 07  0728   59586   26880    9  -999.9  -999.9  -999.9  -999.9  -999.9  -999.9
2022 01 07  0729   59586   26940    9  -999.9  -999.9  -999.9  -999.9  -999.9  -999.9
2022 01 07  0730   59586   27000    9  -999.9  -999.9  -999.9  -999.9  -999.9  -999.9
2022 01 07  0731   59586   27060    9  -999.9  -999.9  -999.9  -999.9  -999.9  -999.9
2022 01 07  0732   59586   27120    9  -999.9  -999.9  -999.9  -999.9  -999.9  -999.9
2022 01 07  0733   59586   27180    9  -999.9  -999.9  -999.9  -999.9  -999.9  -999.9
2022 01 07  0734   59586   27240    0    10.9    18.6   -10.7    24.1   -26.4    59.6
2022 01 07  0735   59586   27300    9  -999.9  -999.9  -999.9  -999.9  -999.9  -999.9
2022 01 07  0736   59586   27360    9  -999.9  -999.9  -999.9  -999.9  -999.9  -999.9
2022 01 07  0737   59586   27420    9  -999.9  -999.9  -999.9  -999.9  -999.9  -999.9
2022 01 07  0738   59586   27480    9  -999.9  -999.9  -999.9  -999.9  -999.9  -999.9
2022 01 07  0739   59586   27540    0    -3.8     1.7     0.6     4.2     7.7   156.5
2022 01 07  0740   59586   27600    9  -999.9  -999.9  -999.9  -999.9  -999.9  -999.9
2022 01 07  0741   59586   27660    9  -999.9  -999.9  -999.9  -999.9  -999.9  -999.9
2022 01 07  0742   59586   27720    9  -999.9  -999.9  -999.9  -999.9  -999.9  -999.9
2022 01 07  0743   59586   27780    9  -999.9  -999.9  -999.9  -999.9  -999.9  -999.9
2022 01 07  0744   59586   27840    9  -999.9  -999.9  -999.9  -999.9  -999.9  -999.9
2022 01 07  0745   59586   27900    9  -999.9  -999.9  -999.9  -999.9  -999.9  -999.9
2022 01 07  0746   59586   27960    9  -999.9  -999.9  -999.9  -999.9  -999.9  -999.9
2022 01 07  0747   59586   28020    9  -999.9  -999.9  -999.9  -999.9  -999.9  -999.9
2022 01 07  0748   59586   28080    9  -999.9  -999.9  -999.9  -999.9  -999.9  -999.9
2022 01 07  0749   59586   28140    9  -999.9  -999.9  -999.9  -999.9  -999.9  -999.9
2022 01 07  0750   59586   28200    9  -999.9  -999.9  -999.9  -999.9  -999.9  -999.9
2022 01 07  0751   59586   28260    9  -999.9  -999.9  -999.9  -999.9  -999.9  -999.9
2022 01 07  0752   59586   28320    9  -999.9  -999.9  -999.9  -999.9  -999.9  -999.9
2022 01 07  0753   59586   28380    9  -999.9  -999.9  -999.9  -999.9  -999.9  -999.9
2022 01 07  0754   59586   28440    9  -999.9  -999.9  -999.9  -999.9  -999.9  -999.9
2022 01 07  0755   59586   28500    9  -999.9  -999.9  -999.9  -999.9  -999.9  -999.9
2022 01 07  0756   59586   28560    9  -999.9  -999.9  -999.9  -999.9  -999.9  -999.9
2022 01 07  0757   59586   28620    9  -999.9  -999.9  -999.9  -999.9  -999.9  -999.9
2022 01 07  0758   59586   28680    9  -999.9  -999.9  -999.9  -999.9  -999.9  -999.9
2022 01 07  0759   59586   28740    9  -999.9  -999.9  -999.9  -999.9  -999.9  -999.9
2022 01 07  0800   59586   28800    9  -999.9  -999.9  -999.9  -999.9  -999.9  -999.9
2022 01 07  0801   59586   28860    9  -999.9  -999.9  -999.9  -999.9  -999.9  -999.9
2022 01 07  0802   59586   28920    0    -0.1     0.9    -0.2     1.0   -11.2    97.8
2022 01 07  0803   59586   28980    9  -999.9  -999.9  -999.9  -999.9  -999.9  -999.9
2022 01 07  0804   59586   29040    9  -999.9  -999.9  -999.9  -999.9  -999.9  -999.9
2022 01 07  0805   59586   29100    9  -999.9  -999.9  -999.9  -999.9  -999.9  -999.9
2022 01 07  0806   59586   29160    9  -999.9  -999.9  -999.9  -999.9  -999.9  -999.9
2022 01 07  0807   59586   29220    0     0.9    -2.7    -0.0     2.8    -0.3   288.6
2022 01 07  0808   59586   29280    9  -999.9  -999.9  -999.9  -999.9  -999.9  -999.9
2022 01 07  0809   59586   29340    9  -999.9  -999.9  -999.9  -999.9  -999.9  -999.9
2022 01 07  0810   59586   29400    9  -999.9  -999.9  -999.9  -999.9  -999.9  -999.9
2022 01 07  0811   59586   29460    9  -999.9  -999.9  -999.9  -999.9  -999.9  -999.9
2022 01 07  0812   59586   29520    9  -999.9  -999.9  -999.9  -999.9  -999.9  -999.9
2022 01 07  0813   59586   29580    9  -999.9  -999.9  -999.9  -999.9  -999.9  -999.9
2022 01 07  0814   59586   29640    9  -999.9  -999.9  -999.9  -999.9  -999.9  -999.9
2022 01 07  0815   59586   29700    9  -999.9  -999.9  -999.9  -999.9  -999.9  -999.9
2022 01 07  0816   59586   29760    9  -999.9  -999.9  -999.9  -999.9  -999.9  -999.9
2022 01 07  0817   59586   29820    0    -3.3     2.5     0.5     4.2     6.3   142.1
2022 01 07  0818   59586   29880    0    -3.3     2.5     0.6     4.2     8.6   142.3
2022 01 07  0819   59586   29940    0    -3.3     2.4     0.7     4.1    10.1   143.7
2022 01 07  0820   59586   30000    0    -3.4     2.1     0.9     4.1    13.3   148.1
2022 01 07  0821   59586   30060    0    -3.4     2.2     0.9     4.1    12.8   146.7
2022 01 07  0822   59586   30120    0    -3.3     2.2     0.8     4.0    11.0   145.7
2022 01 07  0823   59586   30180    0    -3.2     2.1     0.8     3.9    12.3   146.4
2022 01 07  0824   59586   30240    0    -3.2     2.3     0.6     4.0     9.0   144.9
2022 01 07  0825   59586   30300    0    -3.3     2.0     0.2     3.8     2.6   149.0
2022 01 07  0826   59586   30360    0    -3.4     2.2     0.2     4.0     3.2   146.7
2022 01 07  0827   59586   30420    0    -3.4     2.3     0.2     4.1     3.2   145.9
2022 01 07  0828   59586   30480    0    -3.6     1.6    -0.8     4.0   -12.1   156.3
2022 01 07  0829   59586   30540    0    -3.3     2.5    -0.2     4.2    -2.1   142.8
2022 01 07  0830   59586   30600    0    -3.2     2.5    -0.0     4.1    -0.2   141.7
2022 01 07  0831   59586   30660    0    -3.3     2.6    -0.1     4.2    -1.0   142.4
2022 01 07  0832   59586   30720    0    -3.0     2.4     1.0     4.0    14.6   141.5
2022 01 07  0833   59586   30780    0    -2.7     2.3     1.9     4.0    27.9   139.8
2022 01 07  0834   59586   30840    0    -2.9     1.9     2.0     4.0    29.7   146.6
2022 01 07  0835   59586   30900    0    -2.8     2.3     1.7     3.9    24.8   141.0
2022 01 07  0836   59586   30960    0    -2.6     2.5     1.1     3.8    16.3   135.5
2022 01 07  0837   59586   31020    0    -2.7     2.4     1.1     3.8    17.3   138.7
2022 01 07  0838   59586   31080    0    -2.6     1.3     1.7     3.4    30.2   154.3
2022 01 07  0839   59586   31140    0    -3.1     2.1     1.9     4.2    27.4   146.2
2022 01 07  0840   59586   31200    0    -2.9     2.1     2.0     4.1    28.5   144.5
2022 01 07  0841   59586   31260    0    -2.8     2.2     2.0     4.0    29.9   142.2
2022 01 07  0842   59586   31320    0    -2.8     2.1     2.0     4.0    29.3   142.6
2022 01 07  0843   59586   31380    0    -2.7     2.0     2.0     4.0    31.0   143.2
2022 01 07  0844   59586   31440    0    -2.7     2.0     2.2     3.9    33.4   143.6
2022 01 07  0845   59586   31500    0    -2.8     2.0     1.9     3.9    29.5   144.0
2022 01 07  0846   59586   31560    0    -2.7     1.8     2.2     4.0    33.7   146.3
2022 01 07  0847   59586   31620    0    -2.3     1.7     2.5     3.8    40.7   144.8
2022 01 07  0848   59586   31680    0    -2.3     1.4     2.7     3.8    44.9   149.7
2022 01 07  0849   59586   31740    0    -2.5     1.3     2.6     3.8    42.3   152.8
2022 01 07  0850   59586   31800    0    -2.2     1.2     2.8     3.8    48.8   152.5
2022 01 07  0851   59586   31860    0    -1.2     0.3     3.0     3.2    67.6   165.2
2022 01 07  0852   59586   31920    0    -0.5    -0.3     3.3     3.3    79.2   209.1
2022 01 07  0853   59586   31980    0    -0.7     0.1     3.4     3.5    78.1   168.8
2022 01 07  0854   59586   32040    0     0.2    -0.2     3.5     3.5    85.9   314.6
2022 01 07  0855   59586   32100    0     0.1    -1.0     3.5     3.6    73.4   275.7
2022 01 07  0856   59586   32160    0     0.5    -1.4     3.5     3.8    67.1   291.1
2022 01 07  0857   59586   32220    0    -0.7     0.2     3.5     3.6    78.6   161.2
2022 01 07  0858   59586   32280    0    -1.5     1.4     3.1     3.8    56.4   138.0
2022 01 07  0859   59586   32340    0    -1.8     2.0     2.5     3.7    43.1   133.1
2022 01 07  0900   59586   32400    0    -2.2     2.3     2.2     3.9    35.0   134.6
2022 01 07  0901   59586   32460    0    -2.0     1.8     2.7     3.8    45.4   137.9
2022 01 07  0902   59586   32520    0    -1.6     1.1     3.3     3.8    59.4   143.7
2022 01 07  0903   59586   32580    0    -1.4     0.5     3.4     3.7    65.6   159.9
2022 01 07  0904   59586   32640    0    -1.3     0.6     3.5     3.8    68.3   156.0
2022 01 07  0905   59586   32700    0    -1.4     0.6     3.5     3.8    66.5   156.0
2022 01 07  0906   59586   32760    0    -0.6     1.9     3.3     3.8    59.2   106.9
2022 01 07  0907   59586   32820    0    -0.9     1.0     3.1     3.4    67.2   131.6
2022 01 07  0908   59586   32880    0    -1.3     0.7     3.5     3.8    67.4   150.3
2022 01 07  0909   59586   32940    0    -1.3     0.7     3.5     3.8    66.7   151.7
2022 01 07  0910   59586   33000    0    -1.6     0.5     3.4     3.8    64.3   161.3
2022 01 07  0911   59586   33060    0    -1.8     1.4     3.2     3.9    54.1   143.0
2022 01 07  0912   59586   33120    0    -1.8     1.5     3.1     3.9    53.5   140.2
2022 01 07  0913   59586   33180    0    -1.7     1.2     3.3     3.9    57.6   144.2
2022 01 07  0914   59586   33240    0    -1.5     1.4     3.2     3.8    57.9   137.7
2022 01 07  0915   59586   33300    0    -1.6     1.4     3.1     3.8    54.9   138.1
2022 01 07  0916   59586   33360    0    -1.7     1.4     3.2     3.8    55.4   140.3
2022 01 07  0917   59586   33420    0    -1.7     1.5     3.1     3.9    53.4   139.4
2022 01 07  0918   59586   33480    0    -1.7     1.5     3.1     3.8    54.8   138.3
2022 01 07  0919   59586   33540    0    -1.7     1.6     3.1     3.8    53.3   137.3
2022 01 07  0920   59586   33600    0    -1.7     1.5     3.1     3.8    53.6   139.9
2022 01 07  0921   59586   33660    0    -1.7     1.3     3.1     3.8    55.6   143.9
2022 01 07  0922   59586   33720    0    -1.7     1.4     3.1     3.8    53.7   140.2
2022 01 07  0923   59586   33780    0    -1.6     1.5     3.1     3.8    54.6   136.6
2022 01 07  0924   59586   33840    0    -1.4     1.5     3.2     3.8    57.9   133.1
2022 01 07  0925   59586   33900    0    -1.7     1.5     3.1     3.8    53.6   138.2
2022 01 07  0926   59586   33960    0    -1.6     1.7     3.1     3.9    52.9   133.4
2022 01 07  0927   59586   34020    0    -1.6     1.6     3.2     3.9    55.0   135.0
2022 01 07  0928   59586   34080    0    -1.7     1.8     3.0     3.9    50.3   132.4
2022 01 07  0929   59586   34140    0    -1.6     1.9     3.0     3.9    50.9   129.2
2022 01 07  0930   59586   34200    0    -1.4     2.0     3.0     3.9    50.5   125.9
2022 01 07  0931   59586   34260    0    -1.4     2.0     2.9     3.8    49.9   125.2
2022 01 07  0932   59586   34320    0    -1.5     2.0     3.0     3.9    49.8   127.9
2022 01 07  0933   59586   34380    0    -1.6     2.0     2.9     3.9    48.3   127.9
2022 01 07  0934   59586   34440    0    -1.6     2.1     2.8     3.9    46.4   127.4
2022 01 07  0935   59586   34500    0    -1.6     2.2     2.8     3.9    45.8   126.2
2022 01 07  0936   59586   34560    0    -1.6     2.3     2.7     3.9    44.6   124.8
2022 01 07  0937   59586   34620    0    -1.5     2.3     2.7     3.9    44.4   123.8
2022 01 07  0938   59586   34680    0    -1.6     2.0     3.0     3.9    49.7   128.3
2022 01 07  0939   59586   34740    0    -1.5     1.8     3.1     3.9    52.1   129.2
2022 01 07  0940   59586   34800    0    -1.4     1.8     3.1     3.9    53.9   127.7
2022 01 07  0941   59586   34860    0    -1.4     1.9     3.0     3.9    51.7   126.5
2022 01 07  0942   59586   34920    0    -1.3     1.5     3.3     3.9    58.7   130.3
2022 01 07  0943   59586   34980    0    -1.4     2.0     3.1     3.9    51.9   124.2
2022 01 07  0944   59586   35040    0    -1.3     2.5     2.7     3.9    44.0   118.3
2022 01 07  0945   59586   35100    0    -1.3     2.5     2.7     3.9    44.4   117.8
2022 01 07  0946   59586   35160    0    -1.1     2.2     2.9     3.7    49.5   117.2
2022 01 07  0947   59586   35220    0    -1.1     2.4     2.7     3.8    46.2   115.0
2022 01 07  0948   59586   35280    0    -0.6     2.4     2.8     3.7    47.9   103.9
2022 01 07  0949   59586   35340    0    -0.9     2.4     2.7     3.7    46.0   109.7
2022 01 07  0950   59586   35400    0    -1.0     2.6     2.5     3.8    41.0   111.1
2022 01 07  0951   59586   35460    0    -0.6     2.5     2.6     3.7    45.9   102.9
2022 01 07  0952   59586   35520    0    -2.1     1.5     2.9     3.9    47.7   143.4
2022 01 07  0953   59586   35580    0    -2.2     1.8     2.8     4.0    45.1   140.8
2022 01 07  0954   59586   35640    0    -2.2     1.9     2.8     4.0    43.7   139.2
2022 01 07  0955   59586   35700    0    -2.0     1.9     2.8     3.9    45.0   136.0
2022 01 07  0956   59586   35760    0    -2.1     1.9     2.8     3.9    44.3   137.6
2022 01 07  0957   59586   35820    0    -2.3     1.6     2.8     4.0    45.1   144.3
2022 01 07  0958   59586   35880    0    -2.2     1.7     2.8     3.9    45.1   142.0
2022 01 07  0959   59586   35940    0    -2.3     1.8     2.7     4.0    42.8   141.9
2022 01 07  1000   59586   36000    0    -2.4     1.9     2.6     4.0    40.3   141.7
2022 01 07  1001   59586   36060    0    -2.3     1.8     2.6     4.0    41.3   141.7
2022 01 07  1002   59586   36120    0    -2.3     1.8     2.6     3.9    42.0   141.5
2022 01 07  1003   59586   36180    0    -2.3     1.9     2.6     3.9    40.7   140.1
2022 01 07  1004   59586   36240    0    -2.3     1.8     2.6     3.9    41.4   142.7
2022 01 07  1005   59586   36300    0    -2.5     1.5     2.6     3.9    41.0   148.7
2022 01 07  1006   59586   36360    0    -2.8     1.0     2.7     4.0    41.8   159.4
2022 01 07  1007   59586   36420    0    -2.3     1.6     2.7     3.9    43.8   145.3
2022 01 07  1008   59586   36480    0    -1.9     2.0     2.7     3.9    45.1   133.6
2022 01 07  1009   59586   36540    0    -2.5     1.5     2.7     4.0    43.1   148.9
2022 01 07  1010   59586   36600    0    -2.6     1.4     2.8     4.0    43.4   152.4
2022 01 07  1011   59586   36660    0    -2.7     1.3     2.8     4.0    43.0   153.8
2022 01 07  1012   59586   36720    0    -2.6     1.1     2.9     4.0    46.1   156.4
2022 01 07  1013   59586   36780    0    -2.5     1.1     2.9     4.0    46.7   156.2
2022 01 07  1014   59586   36840    0    -2.3     1.2     3.0     4.0    48.9   152.9
2022 01 07  1015   59586   36900    0    -2.9     1.2     2.6     4.1    39.0   157.4
2022 01 07  1016   59586   36960    0    -2.8     1.3     2.6     4.1    39.9   154.8
2022 01 07  1017   59586   37020    0    -2.7     1.4     2.7     4.0    41.6   152.0
2022 01 07  1018   59586   37080    0    -2.8     1.5     2.5     4.0    38.4   151.5
2022 01 07  1019   59586   37140    0    -2.7     1.5     2.6     4.1    40.7   150.7
2022 01 07  1020   59586   37200    0    -2.8     1.4     2.6     4.1    40.0   154.3
2022 01 07  1021   59586   37260    0    -2.9     1.5     2.4     4.1    36.8   151.8
2022 01 07  1022   59586   37320    0    -3.1     1.6     2.1     4.1    31.4   152.7
2022 01 07  1023   59586   37380    0    -3.2     1.6     2.1     4.1    30.5   153.0
2022 01 07  1024   59586   37440    0    -3.0     1.7     2.2     4.1    32.9   149.5
2022 01 07  1025   59586   37500    0    -2.9     1.4     2.6     4.1    39.2   153.9
2022 01 07  1026   59586   37560    0    -2.9     1.3     2.7     4.1    40.2   155.4
2022 01 07  1027   59586   37620    0    -2.9     1.5     2.5     4.1    37.8   152.9
2022 01 07  1028   59586   37680    0    -3.1     1.0     2.8     4.3    40.3   163.1
2022 01 07  1029   59586   37740    0    -3.0     1.1     2.8     4.3    41.4   160.8
2022 01 07  1030   59586   37800    0    -3.2     1.1     2.8     4.4    39.2   161.8
2022 01 07  1031   59586   37860    0    -3.1     1.2     2.8     4.3    40.7   159.0
2022 01 07  1032   59586   37920    0    -3.2     1.3     2.7     4.3    38.0   157.9
2022 01 07  1033   59586   37980    0    -3.2     1.3     2.6     4.4    37.0   157.2
2022 01 07  1034   59586   38040    0    -3.2     1.5     2.6     4.4    35.8   155.7
2022 01 07  1035   59586   38100    0    -3.3     1.6     2.4     4.4    33.8   154.1
2022 01 07  1036   59586   38160    0    -3.3     1.8     2.3     4.4    31.9   152.0
2022 01 07  1037   59586   38220    0    -3.3     2.0     2.1     4.4    29.3   148.6
2022 01 07  1038   59586   38280    0    -3.3     2.0     2.1     4.4    28.2   148.1
2022 01 07  1039   59586   38340    0    -3.2     2.2     1.9     4.3    26.2   145.3
2022 01 07  1040   59586   38400    0    -3.3     2.7     1.2     4.4    16.4   140.4
2022 01 07  1041   59586   38460    0    -3.3     2.8     1.1     4.4    14.0   139.8
2022 01 07  1042   59586   38520    0    -3.2     2.9     1.0     4.4    12.4   138.5
2022 01 07  1043   59586   38580    0    -3.2     2.9     1.0     4.4    12.5   137.5
2022 01 07  1044   59586   38640    0    -3.2     2.9     0.9     4.4    11.9   137.9
2022 01 07  1045   59586   38700    0    -3.1     3.0     1.0     4.4    13.1   136.8
2022 01 07  1046   59586   38760    0    -3.0     2.8     1.2     4.3    16.6   136.6
2022 01 07  1047   59586   38820    0    -2.8     2.0     2.5     4.3    36.2   145.6
2022 01 07  1048   59586   38880    0    -2.6     1.7     3.0     4.3    43.9   147.5
2022 01 07  1049   59586   38940    0    -2.7     1.9     2.8     4.3    40.6   144.9
2022 01 07  1050   59586   39000    0    -2.8     2.0     2.6     4.3    37.3   144.6
2022 01 07  1051   59586   39060    0    -3.1     2.5     2.0     4.4    27.3   140.9
2022 01 07  1052   59586   39120    0    -3.2     2.6     1.7     4.5    22.3   141.1
2022 01 07  1053   59586   39180    0    -3.2     2.7     1.4     4.4    18.8   140.1
2022 01 07  1054   59586   39240    0    -3.2     2.7     1.4     4.4    18.3   139.6
2022 01 07  1055   59586   39300    0    -3.3     2.8     1.2     4.4    15.8   139.7
2022 01 07  1056   59586   39360    0    -3.2     2.8     1.2     4.4    15.5   139.6
2022 01 07  1057   59586   39420    0    -3.1     2.8     1.6     4.4    20.8   138.2
2022 01 07  1058   59586   39480    0    -3.1     2.5     2.0     4.4    26.3   141.3
2022 01 07  1059   59586   39540    0    -3.2     2.7     1.5     4.5    19.8   140.2
2022 01 07  1100   59586   39600    0    -3.3     2.7     1.3     4.5    16.5   140.6
2022 01 07  1101   59586   39660    0    -3.3     2.7     1.4     4.5    17.7   140.9
2022 01 07  1102   59586   39720    0    -3.4     2.8     1.0     4.5    13.2   140.6
2022 01 07  1103   59586   39780    0    -3.3     2.9     0.9     4.5    11.2   138.1
2022 01 07  1104   59586   39840    0    -3.3     2.9     1.0     4.5    12.4   138.9
2022 01 07  1105   59586   39900    0    -3.4     2.8     0.9     4.5    11.9   140.5
2022 01 07  1106   59586   39960    0    -3.4     2.8     0.8     4.5     9.8   140.1
2022 01 07  1107   59586   40020    0    -2.9     3.0     1.3     4.4    17.6   134.2
2022 01 07  1108   59586   40080    0    -2.7     3.1     1.5     4.4    19.6   131.4
2022 01 07  1109   59586   40140    0    -2.8     3.1     1.3     4.4    17.1   131.8
2022 01 07  1110   59586   40200    0    -2.9     3.1     1.3     4.4    17.4   132.7
2022 01 07  1111   59586   40260    0    -2.8     3.0     1.3     4.4    17.7   133.0
2022 01 07  1112   59586   40320    0    -3.0     2.9     1.4     4.4    18.8   136.6
2022 01 07  1113   59586   40380    0    -3.3     2.9     1.1     4.5    14.2   138.2
2022 01 07  1114   59586   40440    0    -3.4     2.8     0.9     4.5    11.4   140.4
2022 01 07  1115   59586   40500    0    -3.4     2.8     0.8     4.5    10.5   140.5
2022 01 07  1116   59586   40560    0    -3.3     3.0     0.8     4.5     9.7   137.8
2022 01 07  1117   59586   40620    0    -3.1     3.0     0.9     4.4    11.6   135.6
2022 01 07  1118   59586   40680    0    -3.0     3.1     1.0     4.4    13.9   134.1
2022 01 07  1119   59586   40740    0    -3.0     3.0     1.0     4.4    13.0   134.2
2022 01 07  1120   59586   40800    0    -2.9     3.1     0.8     4.3    10.4   133.2
2022 01 07  1121   59586   40860    0    -3.0     3.1     0.8     4.4    10.8   134.1
2022 01 07  1122   59586   40920    0    -3.1     3.0     0.8     4.4    10.0   135.4
2022 01 07  1123   59586   40980    0    -3.1     3.0     0.7     4.4     9.6   135.6
2022 01 07  1124   59586   41040    0    -3.2     2.9     0.7     4.4     8.7   137.8
2022 01 07  1125   59586   41100    0    -3.3     2.9     0.7     4.5     8.9   138.5
2022 01 07  1126   59586   41160    0    -3.3     3.0     0.5     4.5     6.9   138.3
2022 01 07  1127   59586   41220    0    -3.0     3.3     0.3     4.4     3.6   131.9
2022 01 07  1128   59586   41280    0    -3.0     3.3     0.4     4.5     5.6   132.1
2022 01 07  1129   59586   41340    0    -2.9     3.3     0.5     4.4     6.1   131.9
2022 01 07  1130   59586   41400    0    -3.1     3.2     0.5     4.5     6.6   134.6
2022 01 07  1131   59586   41460    0    -3.1     3.1     0.6     4.4     7.3   135.0
2022 01 07  1132   59586   41520    0    -3.2     2.9     0.4     4.4     5.6   137.7
2022 01 07  1133   59586   41580    0    -3.3     2.9     0.6     4.4     8.4   138.7
2022 01 07  1134   59586   41640    0    -3.3     2.8     0.6     4.4     7.5   139.6
2022 01 07  1135   59586   41700    0    -3.2     2.8     1.1     4.4    14.1   138.9
2022 01 07  1136   59586   41760    0    -3.1     2.9     0.8     4.3    11.2   137.4
2022 01 07  1137   59586   41820    0    -3.3     2.8     0.6     4.4     8.1   140.1
2022 01 07  1138   59586   41880    0    -3.1     2.9     0.4     4.3     5.3   137.4
2022 01 07  1139   59586   41940    0    -3.2     2.8     0.4     4.3     5.5   138.1
2022 01 07  1140   59586   42000    0    -3.1     2.9     0.5     4.2     6.1   137.6
2022 01 07  1141   59586   42060    0    -2.8     3.2     0.1     4.2     1.1   131.3
2022 01 07  1142   59586   42120    0    -2.8     3.2    -0.2     4.2    -2.7   130.4
2022 01 07  1143   59586   42180    0    -2.6     3.3    -0.2     4.3    -3.1   128.2
2022 01 07  1144   59586   42240    0    -2.6     3.3    -0.0     4.2    -0.3   128.4
2022 01 07  1145   59586   42300    0    -2.6     3.3    -0.3     4.2    -3.8   128.2
2022 01 07  1146   59586   42360    0    -2.6     3.3    -0.3     4.2    -3.5   128.5
2022 01 07  1147   59586   42420    0    -2.6     3.2     0.1     4.2     1.8   129.2
2022 01 07  1148   59586   42480    0    -2.6     3.2     0.4     4.2     5.5   129.4
2022 01 07  1149   59586   42540    0    -2.4     3.1     1.0     4.1    13.6   127.9
2022 01 07  1150   59586   42600    0    -2.1     3.2     1.1     4.0    15.6   122.5
2022 01 07  1151   59586   42660    0    -2.5     3.1     0.9     4.0    13.4   128.9
2022 01 07  1152   59586   42720    0    -2.7     3.0     0.7     4.1    10.0   131.4
2022 01 07  1153   59586   42780    0    -2.7     3.1     0.3     4.1     4.6   131.5
2022 01 07  1154   59586   42840    0    -2.6     3.2     0.4     4.1     5.6   128.9
2022 01 07  1155   59586   42900    0    -2.5     3.2     0.3     4.1     4.8   127.7
2022 01 07  1156   59586   42960    0    -2.6     3.2    -0.2     4.1    -2.3   129.5
2022 01 07  1157   59586   43020    0    -2.7     3.1     0.0     4.1     0.1   130.2
2022 01 07  1158   59586   43080    0    -2.7     3.1     0.4     4.1     5.8   131.5
2022 01 07  1159   59586   43140    0    -2.5     3.2     0.1     4.1     0.9   128.5
2022 01 07  1200   59586   43200    0    -2.6     3.1     0.2     4.0     2.6   129.5
2022 01 07  1201   59586   43260    0    -2.7     3.0    -0.1     4.1    -2.0   131.6
2022 01 07  1202   59586   43320    0    -2.9     2.9    -0.4     4.1    -5.6   134.7
2022 01 07  1203   59586   43380    0    -3.0     2.8    -0.5     4.1    -7.0   137.0
2022 01 07  1204   59586   43440    0    -2.9     2.9    -0.3     4.1    -3.8   134.3
2022 01 07  1205   59586   43500    0    -2.9     2.9    -0.4     4.1    -4.9   135.7
2022 01 07  1206   59586   43560    0    -3.0     2.8    -0.4     4.1    -4.9   136.3
2022 01 07  1207   59586   43620    0    -2.9     2.9    -0.4     4.1    -5.7   134.8
2022 01 07  1208   59586   43680    0    -2.8     2.9    -0.5     4.1    -7.1   133.4
2022 01 07  1209   59586   43740    0    -2.9     2.9    -0.7     4.1    -9.6   134.7
2022 01 07  1210   59586   43800    0    -2.7     3.1    -0.2     4.1    -2.6   131.5
2022 01 07  1211   59586   43860    0    -2.5     3.2     0.1     4.1     1.8   127.8
2022 01 07  1212   59586   43920    0    -2.5     3.2     0.0     4.1     0.5   128.0
2022 01 07  1213   59586   43980    0    -2.7     3.0     0.9     4.1    12.6   132.1
2022 01 07  1214   59586   44040    0    -2.5     3.1     0.8     4.1    10.7   128.4
2022 01 07  1215   59586   44100    0    -2.5     3.2     0.9     4.1    12.0   128.0
2022 01 07  1216   59586   44160    0    -2.5     2.9     1.5     4.1    21.4   130.3
2022 01 07  1217   59586   44220    0    -2.7     3.0     1.2     4.2    16.7   131.7
2022 01 07  1218   59586   44280    0    -2.6     3.1     0.9     4.2    13.1   130.4
2022 01 07  1219   59586   44340    0    -2.8     3.0     0.9     4.2    12.9   132.5
2022 01 07  1220   59586   44400    0    -2.7     3.0     0.9     4.1    12.9   131.7
2022 01 07  1221   59586   44460    0    -2.5     3.1     1.0     4.1    14.1   128.3
2022 01 07  1222   59586   44520    0    -2.4     3.1     1.1     4.1    15.8   128.1
2022 01 07  1223   59586   44580    0    -2.6     3.0     1.2     4.1    16.6   131.4
2022 01 07  1224   59586   44640    0    -2.4     3.1     1.2     4.1    16.4   128.2
2022 01 07  1225   59586   44700    0    -2.1     3.3     0.9     4.0    13.5   122.5
2022 01 07  1226   59586   44760    0    -2.2     3.3     0.9     4.1    13.1   123.1
2022 01 07  1227   59586   44820    0    -2.2     3.3     0.9     4.1    12.8   123.8
2022 01 07  1228   59586   44880    0    -2.3     3.2     1.0     4.0    13.8   126.1
2022 01 07  1229   59586   44940    0    -2.6     3.0     1.0     4.1    14.8   131.4
2022 01 07  1230   59586   45000    0    -2.5     3.1     0.9     4.1    12.4   128.9
2022 01 07  1231   59586   45060    0    -2.4     3.2     0.8     4.1    11.6   126.5
2022 01 07  1232   59586   45120    0    -2.5     3.1     0.9     4.1    12.0   128.4
2022 01 07  1233   59586   45180    0    -2.3     3.3     0.7     4.1     9.9   125.4
2022 01 07  1234   59586   45240    0    -2.3     3.3     0.7     4.1     9.5   125.2
2022 01 07  1235   59586   45300    0    -2.3     3.2     0.7     4.0    10.1   125.3
2022 01 07  1236   59586   45360    0    -2.7     2.9     1.0     4.1    14.5   133.5
2022 01 07  1237   59586   45420    0    -2.8     2.8     0.9     4.1    13.2   134.2
2022 01 07  1238   59586   45480    0    -2.5     3.0     1.0     4.0    14.2   129.9
2022 01 07  1239   59586   45540    0    -2.7     2.9     0.9     4.0    13.0   133.4
2022 01 07  1240   59586   45600    0    -2.9     2.8     0.9     4.1    12.5   136.0
2022 01 07  1241   59586   45660    0    -2.8     2.8     1.0     4.1    13.6   135.3
2022 01 07  1242   59586   45720    0    -2.5     2.9     0.9     4.0    13.4   130.8
2022 01 07  1243   59586   45780    0    -2.4     3.1     0.7     3.9    10.5   127.8
2022 01 07  1244   59586   45840    0    -2.4     3.1     0.6     3.9     8.7   128.0
2022 01 07  1245   59586   45900    0    -2.5     3.0     0.6     3.9     8.8   129.1
2022 01 07  1246   59586   45960    0    -2.4     3.0     0.8     3.9    11.4   128.8
2022 01 07  1247   59586   46020    0    -2.5     2.9     0.9     4.0    13.4   130.4
2022 01 07  1248   59586   46080    0    -2.6     2.9     1.0     4.0    14.2   131.8
2022 01 07  1249   59586   46140    0    -2.6     2.4     1.7     4.0    25.3   137.0
2022 01 07  1250   59586   46200    0    -2.9     2.2     1.9     4.1    27.5   142.5
2022 01 07  1251   59586   46260    0    -2.8     2.3     1.8     4.1    26.2   140.4
2022 01 07  1252   59586   46320    0    -2.9     2.2     1.8     4.1    26.4   142.4
2022 01 07  1253   59586   46380    0    -2.8     2.4     1.6     4.0    23.1   139.3
2022 01 07  1254   59586   46440    0    -2.8     2.1     1.8     3.9    27.5   143.2
2022 01 07  1255   59586   46500    0    -2.9     2.1     1.8     4.0    27.0   144.3
2022 01 07  1256   59586   46560    0    -2.8     2.1     1.8     3.9    27.1   143.9
2022 01 07  1257   59586   46620    0    -2.9     2.0     1.9     4.0    27.7   146.3
2022 01 07  1258   59586   46680    0    -3.0     1.9     1.7     4.0    26.1   147.9
2022 01 07  1259   59586   46740    0    -2.5     2.9     0.2     3.9     3.5   131.0
2022 01 07  1300   59586   46800    0    -2.5     2.8     0.9     3.8    13.1   131.5
2022 01 07  1301   59586   46860    0    -2.3     2.8     1.4     3.9    21.1   129.1
2022 01 07  1302   59586   46920    0    -2.0     3.0     1.3     3.8    20.4   123.6
2022 01 07  1303   59586   46980    0    -2.5     2.6     1.3     3.8    19.5   134.7
2022 01 07  1304   59586   47040    0    -2.6     2.7     1.2     3.9    17.3   134.1
2022 01 07  1305   59586   47100    0    -2.8     2.8     0.3     4.0     4.0   134.6
2022 01 07  1306   59586   47160    9  -999.9  -999.9  -999.9  -999.9  -999.9  -999.9
2022 01 07  1307   59586   47220    0    -2.8     2.7     0.6     3.9     8.1   135.5
2022 01 07  1308   59586   47280    0    -2.7     2.6     0.9     3.9    14.2   135.9
2022 01 07  1309   59586   47340    0    -2.7     2.8     0.4     3.9     5.7   133.8
2022 01 07  1310   59586   47400    0    -2.6     2.9     0.6     3.9     8.9   132.8
2022 01 07  1311   59586   47460    0    -2.4     2.5     0.4     3.5     6.4   134.5
2022 01 07  1312   59586   47520    0    -2.6     2.9     0.1     3.9     1.3   131.1
2022 01 07  1313   59586   47580    0    -2.6     3.0     0.1     3.9     1.4   130.7
2022 01 07  1314   59586   47640    0    -2.7     2.7     0.8     3.9    11.3   135.1
2022 01 07  1315   59586   47700    0    -2.6     2.8     0.2     3.8     3.1   133.3
2022 01 07  1316   59586   47760    0    -2.3     3.0     0.3     3.9     4.4   127.5
2022 01 07  1317   59586   47820    0    -2.4     3.0    -0.2     3.9    -2.3   128.3
2022 01 07  1318   59586   47880    0    -2.7     2.9    -0.2     4.0    -3.1   132.5
2022 01 07  1319   59586   47940    0    -2.8     2.8    -0.4     4.0    -5.1   134.3
2022 01 07  1320   59586   48000    0    -2.6     2.9    -0.2     3.9    -3.1   131.6
2022 01 07  1321   59586   48060    0    -2.6     2.9     0.1     3.9     1.1   131.1
2022 01 07  1322   59586   48120    0    -2.3     3.1     0.1     3.9     1.0   127.1
2022 01 07  1323   59586   48180    0    -2.4     3.1     0.2     3.9     2.7   127.6
2022 01 07  1324   59586   48240    0    -2.2     3.1     0.2     3.9     3.1   125.6
2022 01 07  1325   59586   48300    0    -2.4     3.0     0.4     3.8     6.7   128.4
2022 01 07  1326   59586   48360    0    -2.4     2.8     0.9     3.8    13.8   130.9
2022 01 07  1327   59586   48420    0    -2.4     2.7     0.6     3.7     9.6   131.4
2022 01 07  1328   59586   48480    0    -2.0     3.2     0.1     3.8     1.2   121.5
2022 01 07  1329   59586   48540    0    -2.0     3.3     0.1     3.8     1.0   121.3
2022 01 07  1330   59586   48600    0    -2.0     3.3     0.2     3.8     3.2   121.7
2022 01 07  1331   59586   48660    0    -2.0     3.2     0.2     3.8     3.2   122.5
2022 01 07  1332   59586   48720    0    -2.2     3.1     0.2     3.8     3.6   124.6
2022 01 07  1333   59586   48780    0    -1.8     3.3     0.2     3.8     3.3   119.0
2022 01 07  1334   59586   48840    0    -1.7     3.4    -0.0     3.8    -0.4   116.7
2022 01 07  1335   59586   48900    0    -1.5     3.4    -0.0     3.7    -0.5   114.2
2022 01 07  1336   59586   48960    0    -1.8     3.3     0.1     3.7     0.9   118.7
2022 01 07  1337   59586   49020    0    -1.8     3.3     0.0     3.8     0.3   118.2
2022 01 07  1338   59586   49080    0    -1.7     3.3     0.0     3.8     0.3   117.1
2022 01 07  1339   59586   49140    0    -1.6     3.4     0.0     3.7     0.0   114.9
2022 01 07  1340   59586   49200    0    -1.7     3.3    -0.1     3.7    -1.3   116.5
2022 01 07  1341   59586   49260    0    -1.7     3.3     0.1     3.7     2.0   117.1
2022 01 07  1342   59586   49320    0    -1.5     3.3    -0.0     3.7    -0.1   114.8
2022 01 07  1343   59586   49380    0    -1.4     3.4     0.1     3.6     0.9   111.9
2022 01 07  1344   59586   49440    0    -1.5     3.4    -0.1     3.7    -1.3   114.6
2022 01 07  1345   59586   49500    0    -1.5     3.3    -0.1     3.6    -2.1   114.0
2022 01 07  1346   59586   49560    0    -1.6     3.3     0.0     3.7     0.3   115.6
2022 01 07  1347   59586   49620    0    -1.5     3.3     0.2     3.7     3.8   114.7
2022 01 07  1348   59586   49680    0    -1.0     3.4    -0.0     3.6    -0.5   105.9
2022 01 07  1349   59586   49740    0    -1.2     3.4    -0.0     3.6    -0.4   109.0
2022 01 07  1350   59586   49800    0    -1.0     3.4    -0.2     3.6    -2.5   105.7
2022 01 07  1351   59586   49860    0    -1.4     3.3     0.1     3.6     1.9   113.2
2022 01 07  1352   59586   49920    0    -1.7     3.3     0.3     3.7     4.7   118.0
2022 01 07  1353   59586   49980    0    -2.0     3.1     0.3     3.7     4.3   122.6
2022 01 07  1354   59586   50040    0    -2.0     3.1     0.3     3.7     5.0   123.5
2022 01 07  1355   59586   50100    0    -1.6     3.2     0.0     3.6     0.4   117.0
2022 01 07  1356   59586   50160    0    -1.6     3.3    -0.0     3.7    -0.3   116.4
2022 01 07  1357   59586   50220    0    -1.8     3.3    -0.0     3.7    -0.4   118.7
2022 01 07  1358   59586   50280    0    -1.9     3.2    -0.1     3.7    -2.0   120.2
2022 01 07  1359   59586   50340    0    -1.8     3.2    -0.1     3.7    -0.8   119.1
2022 01 07  1400   59586   50400    0    -1.9     3.2    -0.0     3.7    -0.2   120.3
2022 01 07  1401   59586   50460    0    -1.9     3.2     0.0     3.7     0.5   120.2
2022 01 07  1402   59586   50520    0    -1.9     3.2     0.1     3.7     1.2   120.7
2022 01 07  1403   59586   50580    0    -1.9     3.2     0.1     3.7     1.7   120.9
2022 01 07  1404   59586   50640    0    -2.4     2.9     0.3     3.8     4.1   129.5
2022 01 07  1405   59586   50700    0    -2.5     2.8     0.3     3.8     5.1   131.8
2022 01 07  1406   59586   50760    0    -2.7     2.7     0.4     3.8     5.6   134.0
2022 01 07  1407   59586   50820    0    -2.9     2.5     0.4     3.8     6.2   139.4
2022 01 07  1408   59586   50880    0    -2.7     2.7     0.5     3.8     7.9   135.5
2022 01 07  1409   59586   50940    0    -2.4     2.9     0.6     3.8     8.5   130.2
2022 01 07  1410   59586   51000    0    -2.2     3.0     0.3     3.8     5.3   126.5
2022 01 07  1411   59586   51060    0    -2.1     3.1     0.0     3.7     0.0   123.6
2022 01 07  1412   59586   51120    0    -2.1     3.1     0.2     3.7     2.9   124.9
2022 01 07  1413   59586   51180    0    -2.2     3.0     0.2     3.8     2.7   126.5
2022 01 07  1414   59586   51240    0    -1.7     3.2    -0.3     3.7    -5.4   117.4
2022 01 07  1415   59586   51300    0    -3.2     1.4     1.2     3.7    18.7   156.2
2022 01 07  1416   59586   51360    0    -3.5     1.3     1.4     4.0    21.2   159.7
2022 01 07  1417   59586   51420    0    -3.4     1.8     1.0     4.0    15.0   151.9
2022 01 07  1418   59586   51480    0    -3.3     2.0     0.9     3.9    13.9   149.3
2022 01 07  1419   59586   51540    0    -3.3     2.0     0.9     4.0    13.7   148.7
2022 01 07  1420   59586   51600    0    -3.3     2.0     1.0     4.0    14.4   149.1
2022 01 07  1421   59586   51660    0    -3.3     1.9     1.1     3.9    15.8   150.2
2022 01 07  1422   59586   51720    0    -3.2     1.9     1.0     3.9    15.3   148.7
2022 01 07  1423   59586   51780    0    -3.2     2.0     1.0     3.9    15.3   148.7
2022 01 07  1424   59586   51840    0    -3.1     2.0     0.9     3.9    14.1   147.1
2022 01 07  1425   59586   51900    0    -3.1     2.2     0.8     3.9    12.3   144.1
2022 01 07  1426   59586   51960    0    -3.0     2.4     0.7     3.9    10.4   141.3
2022 01 07  1427   59586   52020    0    -2.9     2.4     0.6     3.8     8.9   139.8
2022 01 07  1428   59586   52080    0    -2.8     2.6     0.5     3.8     7.3   137.4
2022 01 07  1429   59586   52140    0    -3.1     2.2     0.8     3.9    11.8   143.9
2022 01 07  1430   59586   52200    0    -2.9     2.5     0.6     3.9     9.1   139.9
2022 01 07  1431   59586   52260    0    -2.7     2.7     0.3     3.8     4.8   134.5
2022 01 07  1432   59586   52320    0    -2.5     2.8     0.3     3.8     4.5   131.9
2022 01 07  1433   59586   52380    0    -2.5     2.8     0.3     3.8     4.6   131.6
2022 01 07  1434   59586   52440    0    -2.5     2.8     0.3     3.8     4.9   131.4
2022 01 07  1435   59586   52500    0    -2.5     2.8     0.2     3.8     3.4   131.0
2022 01 07  1436   59586   52560    0    -2.3     2.9     0.1     3.8     1.0   128.4
2022 01 07  1437   59586   52620    0    -2.1     3.1     0.0     3.7     0.4   124.4
2022 01 07  1438   59586   52680    0    -1.9     3.1     0.0     3.7     0.1   121.0
2022 01 07  1439   59586   52740    0    -1.8     3.2    -0.1     3.7    -1.7   119.9
2022 01 07  1440   59586   52800    0    -1.8     3.2    -0.3     3.7    -4.1   119.8
2022 01 07  1441   59586   52860    0    -1.7     3.2    -0.4     3.7    -6.0   117.9
2022 01 07  1442   59586   52920    0    -1.9     3.1    -0.4     3.6    -7.1   122.0
2022 01 07  1443   59586   52980    0    -2.8     2.1     0.4     3.5     7.3   143.3
2022 01 07  1444   59586   53040    0    -3.6     0.8     1.3     3.9    20.1   166.9
2022 01 07  1445   59586   53100    0    -3.6     0.5     1.6     4.0    23.0   172.7
2022 01 07  1446   59586   53160    0    -3.6     0.6     1.5     3.9    22.0   170.4
2022 01 07  1447   59586   53220    0    -3.6     0.8     1.5     4.0    22.4   167.7
2022 01 07  1448   59586   53280    0    -3.8     0.3     1.5     4.1    21.9   175.6
2022 01 07  1449   59586   53340    0    -3.9     0.2     1.4     4.2    20.2   177.6
2022 01 07  1450   59586   53400    0    -3.8     0.8     1.4     4.1    20.3   167.7
2022 01 07  1451   59586   53460    0    -3.4     1.3     1.5     3.9    21.9   158.8
2022 01 07  1452   59586   53520    0    -2.8     2.3     1.5     3.9    22.7   140.7
2022 01 07  1453   59586   53580    0    -2.8     2.4     1.5     4.0    21.9   138.8
2022 01 07  1454   59586   53640    0    -2.9     2.4     1.4     4.0    19.9   140.7
2022 01 07  1455   59586   53700    0    -3.0     2.3     1.4     4.0    20.6   142.2
2022 01 07  1456   59586   53760    0    -2.7     2.3     1.5     3.9    22.8   140.0
2022 01 07  1457   59586   53820    0    -2.7     2.3     1.5     3.8    23.0   140.0
2022 01 07  1458   59586   53880    0    -2.7     2.4     1.7     4.0    25.3   138.2
2022 01 07  1459   59586   53940    0    -2.6     2.4     1.7     3.9    25.5   137.0
2022 01 07  1500   59586   54000    0    -2.7     2.4     1.6     4.0    24.4   138.3
2022 01 07  1501   59586   54060    0    -2.9     2.4     1.4     4.0    20.0   140.0
2022 01 07  1502   59586   54120    0    -3.3     2.0     1.4     4.1    20.5   149.0
2022 01 07  1503   59586   54180    0    -3.2     2.1     1.5     4.1    21.4   147.6
2022 01 07  1504   59586   54240    0    -3.2     2.1     1.5     4.1    21.7   146.0
2022 01 07  1505   59586   54300    0    -3.2     2.2     1.5     4.1    21.0   145.6
2022 01 07  1506   59586   54360    0    -3.0     2.4     1.4     4.1    19.6   142.1
2022 01 07  1507   59586   54420    0    -3.2     2.2     1.4     4.1    19.7   145.5
2022 01 07  1508   59586   54480    0    -3.1     2.3     1.4     4.1    20.7   143.2
2022 01 07  1509   59586   54540    0    -3.0     2.3     1.4     4.1    20.3   142.4
2022 01 07  1510   59586   54600    0    -3.1     2.3     1.3     4.1    19.2   143.4
2022 01 07  1511   59586   54660    0    -3.1     2.4     1.3     4.1    17.9   142.9
2022 01 07  1512   59586   54720    0    -3.2     2.2     1.1     4.1    16.3   145.1
2022 01 07  1513   59586   54780    0    -3.3     2.2     1.1     4.1    16.0   146.5
2022 01 07  1514   59586   54840    0    -3.0     2.4     1.4     4.1    20.5   140.9
2022 01 07  1515   59586   54900    0    -2.9     2.4     1.6     4.1    23.0   140.1
2022 01 07  1516   59586   54960    0    -2.8     2.4     1.7     4.1    24.0   139.7
2022 01 07  1517   59586   55020    0    -2.9     2.3     1.6     4.1    22.8   141.8
2022 01 07  1518   59586   55080    0    -3.3     2.1     1.1     4.1    16.0   147.9
2022 01 07  1519   59586   55140    0    -3.8     1.5     0.2     4.1     2.8   158.6
2022 01 07  1520   59586   55200    0    -3.8     1.5    -0.1     4.1    -0.7   158.9
2022 01 07  1521   59586   55260    0    -3.8     1.5    -0.4     4.1    -5.8   158.5
2022 01 07  1522   59586   55320    0    -3.7     1.4    -0.5     4.0    -7.2   158.8
2022 01 07  1523   59586   55380    0    -3.2     2.3     0.8     4.0    11.8   143.9
2022 01 07  1524   59586   55440    0    -3.2     2.4     0.7     4.1    10.4   142.4
2022 01 07  1525   59586   55500    0    -3.1     2.5     0.8     4.1    11.2   141.6
2022 01 07  1526   59586   55560    0    -3.0     2.5     0.9     4.0    12.6   140.7
2022 01 07  1527   59586   55620    0    -3.1     2.4     1.0     4.0    14.8   141.7
2022 01 07  1528   59586   55680    0    -3.1     2.4     0.9     4.0    13.4   142.4
2022 01 07  1529   59586   55740    0    -3.1     2.4     0.9     4.0    12.3   142.1
2022 01 07  1530   59586   55800    0    -3.1     2.3     0.9     4.0    13.3   143.0
2022 01 07  1531   59586   55860    0    -3.1     2.3     1.0     4.0    14.3   143.9
2022 01 07  1532   59586   55920    0    -3.1     2.4     0.8     4.0    11.9   142.9
2022 01 07  1533   59586   55980    0    -3.2     2.2     0.9     4.0    12.3   146.1
2022 01 07  1534   59586   56040    0    -3.3     2.1     0.9     4.0    12.8   146.8
2022 01 07  1535   59586   56100    0    -3.1     2.3     0.9     3.9    13.7   142.9
2022 01 07  1536   59586   56160    0    -2.6     2.7     0.9     3.9    14.1   134.1
2022 01 07  1537   59586   56220    0    -2.6     2.7     0.9     3.9    13.2   134.4
2022 01 07  1538   59586   56280    0    -2.7     2.7     0.9     3.9    12.6   135.4
2022 01 07  1539   59586   56340    0    -2.8     2.7     0.8     3.9    12.3   136.4
2022 01 07  1540   59586   56400    0    -2.8     2.6     0.8     4.0    11.9   137.1
2022 01 07  1541   59586   56460    0    -2.9     2.6     0.7     4.0    10.8   138.8
2022 01 07  1542   59586   56520    0    -2.8     2.7     0.7     3.9    10.6   136.9
2022 01 07  1543   59586   56580    0    -2.9     2.6     0.6     3.9     9.3   137.2
2022 01 07  1544   59586   56640    0    -2.8     2.6     0.8     3.9    11.3   137.1
2022 01 07  1545   59586   56700    0    -2.8     2.5     0.8     3.8    12.6   138.0
2022 01 07  1546   59586   56760    0    -2.5     2.6     0.4     3.6     5.9   134.5
2022 01 07  1547   59586   56820    0    -2.4     2.6     0.4     3.6     6.6   132.2
2022 01 07  1548   59586   56880    0    -2.5     2.6     0.5     3.6     8.0   133.7
2022 01 07  1549   59586   56940    0    -2.1     2.7     0.8     3.5    12.4   127.7
2022 01 07  1550   59586   57000    0    -2.7     2.4     0.5     3.6     7.7   138.6
2022 01 07  1551   59586   57060    0    -2.5     2.3     0.3     3.4     4.7   136.9
2022 01 07  1552   59586   57120    0    -2.6     2.3     0.7     3.6    11.4   138.2
2022 01 07  1553   59586   57180    0    -2.5     2.5     0.8     3.6    11.9   135.1
2022 01 07  1554   59586   57240    0    -2.7     2.4     1.0     3.7    15.4   138.5
2022 01 07  1555   59586   57300    0    -2.7     2.4     1.0     3.7    15.6   138.4
2022 01 07  1556   59586   57360    0    -2.9     2.3     0.9     3.8    14.4   142.1
2022 01 07  1557   59586   57420    0    -2.7     2.6     0.7     3.8    11.1   137.1
2022 01 07  1558   59586   57480    0    -2.7     2.6     0.7     3.8    10.5   136.2
2022 01 07  1559   59586   57540    0    -2.5     2.7     0.8     3.8    11.8   133.4
