:Data_list: 20220103_ace_mag_1m.txt
:Created: 2022 Jan 03 1701 UT
# Prepared by the U.S. Dept. of Commerce, NOAA, Space Weather Prediction Center
# Please send comments and suggestions to SWPC.Webmaster@noaa.gov 
# 
# Magnetometer values are in GSM coordinates.
# 
# Units: Bx, By, Bz, Bt in nT
# Units: Latitude  degrees +/-  90.0
# Units: Longitude degrees 0.0 - 360.0
# Status(S): 0 = nominal data, 1 to 8 = bad data record, 9 = no data
# Missing data values: -999.9
# Source: ACE Satellite - Magnetometer
#
#              1-minute averaged Real-time Interplanetary Magnetic Field Values 
# 
#                 Modified Seconds
# UT Date   Time  Julian   of the   ----------------  GSM Coordinates ---------------
# YR MO DA  HHMM    Day      Day    S     Bx      By      Bz      Bt     Lat.   Long.
#------------------------------------------------------------------------------------
2022 01 03  0000   59582       0    9  -999.9  -999.9  -999.9  -999.9  -999.9  -999.9
2022 01 03  0001   59582      60    9  -999.9  -999.9  -999.9  -999.9  -999.9  -999.9
2022 01 03  0002   59582     120    9  -999.9  -999.9  -999.9  -999.9  -999.9  -999.9
2022 01 03  0003   59582     180    9  -999.9  -999.9  -999.9  -999.9  -999.9  -999.9
2022 01 03  0004   59582     240    9  -999.9  -999.9  -999.9  -999.9  -999.9  -999.9
2022 01 03  0005   59582     300    9  -999.9  -999.9  -999.9  -999.9  -999.9  -999.9
2022 01 03  0006   59582     360    9  -999.9  -999.9  -999.9  -999.9  -999.9  -999.9
2022 01 03  0007   59582     420    9  -999.9  -999.9  -999.9  -999.9  -999.9  -999.9
2022 01 03  0008   59582     480    9  -999.9  -999.9  -999.9  -999.9  -999.9  -999.9
2022 01 03  0009   59582     540    9  -999.9  -999.9  -999.9  -999.9  -999.9  -999.9
2022 01 03  0010   59582     600    9  -999.9  -999.9  -999.9  -999.9  -999.9  -999.9
2022 01 03  0011   59582     660    9  -999.9  -999.9  -999.9  -999.9  -999.9  -999.9
2022 01 03  0012   59582     720    9  -999.9  -999.9  -999.9  -999.9  -999.9  -999.9
2022 01 03  0013   59582     780    9  -999.9  -999.9  -999.9  -999.9  -999.9  -999.9
2022 01 03  0014   59582     840    9  -999.9  -999.9  -999.9  -999.9  -999.9  -999.9
2022 01 03  0015   59582     900    9  -999.9  -999.9  -999.9  -999.9  -999.9  -999.9
2022 01 03  0016   59582     960    9  -999.9  -999.9  -999.9  -999.9  -999.9  -999.9
2022 01 03  0017   59582    1020    9  -999.9  -999.9  -999.9  -999.9  -999.9  -999.9
2022 01 03  0018   59582    1080    9  -999.9  -999.9  -999.9  -999.9  -999.9  -999.9
2022 01 03  0019   59582    1140    9  -999.9  -999.9  -999.9  -999.9  -999.9  -999.9
2022 01 03  0020   59582    1200    9  -999.9  -999.9  -999.9  -999.9  -999.9  -999.9
2022 01 03  0021   59582    1260    9  -999.9  -999.9  -999.9  -999.9  -999.9  -999.9
2022 01 03  0022   59582    1320    9  -999.9  -999.9  -999.9  -999.9  -999.9  -999.9
2022 01 03  0023   59582    1380    9  -999.9  -999.9  -999.9  -999.9  -999.9  -999.9
2022 01 03  0024   59582    1440    9  -999.9  -999.9  -999.9  -999.9  -999.9  -999.9
2022 01 03  0025   59582    1500    9  -999.9  -999.9  -999.9  -999.9  -999.9  -999.9
2022 01 03  0026   59582    1560    9  -999.9  -999.9  -999.9  -999.9  -999.9  -999.9
2022 01 03  0027   59582    1620    9  -999.9  -999.9  -999.9  -999.9  -999.9  -999.9
2022 01 03  0028   59582    1680    9  -999.9  -999.9  -999.9  -999.9  -999.9  -999.9
2022 01 03  0029   59582    1740    9  -999.9  -999.9  -999.9  -999.9  -999.9  -999.9
2022 01 03  0030   59582    1800    9  -999.9  -999.9  -999.9  -999.9  -999.9  -999.9
2022 01 03  0031   59582    1860    9  -999.9  -999.9  -999.9  -999.9  -999.9  -999.9
2022 01 03  0032   59582    1920    9  -999.9  -999.9  -999.9  -999.9  -999.9  -999.9
2022 01 03  0033   59582    1980    9  -999.9  -999.9  -999.9  -999.9  -999.9  -999.9
2022 01 03  0034   59582    2040    9  -999.9  -999.9  -999.9  -999.9  -999.9  -999.9
2022 01 03  0035   59582    2100    9  -999.9  -999.9  -999.9  -999.9  -999.9  -999.9
2022 01 03  0036   59582    2160    9  -999.9  -999.9  -999.9  -999.9  -999.9  -999.9
2022 01 03  0037   59582    2220    9  -999.9  -999.9  -999.9  -999.9  -999.9  -999.9
2022 01 03  0038   59582    2280    9  -999.9  -999.9  -999.9  -999.9  -999.9  -999.9
2022 01 03  0039   59582    2340    9  -999.9  -999.9  -999.9  -999.9  -999.9  -999.9
2022 01 03  0040   59582    2400    9  -999.9  -999.9  -999.9  -999.9  -999.9  -999.9
2022 01 03  0041   59582    2460    9  -999.9  -999.9  -999.9  -999.9  -999.9  -999.9
2022 01 03  0042   59582    2520    9  -999.9  -999.9  -999.9  -999.9  -999.9  -999.9
2022 01 03  0043   59582    2580    9  -999.9  -999.9  -999.9  -999.9  -999.9  -999.9
2022 01 03  0044   59582    2640    9  -999.9  -999.9  -999.9  -999.9  -999.9  -999.9
2022 01 03  0045   59582    2700    9  -999.9  -999.9  -999.9  -999.9  -999.9  -999.9
2022 01 03  0046   59582    2760    9  -999.9  -999.9  -999.9  -999.9  -999.9  -999.9
2022 01 03  0047   59582    2820    9  -999.9  -999.9  -999.9  -999.9  -999.9  -999.9
2022 01 03  0048   59582    2880    9  -999.9  -999.9  -999.9  -999.9  -999.9  -999.9
2022 01 03  0049   59582    2940    9  -999.9  -999.9  -999.9  -999.9  -999.9  -999.9
2022 01 03  0050   59582    3000    9  -999.9  -999.9  -999.9  -999.9  -999.9  -999.9
2022 01 03  0051   59582    3060    9  -999.9  -999.9  -999.9  -999.9  -999.9  -999.9
2022 01 03  0052   59582    3120    9  -999.9  -999.9  -999.9  -999.9  -999.9  -999.9
2022 01 03  0053   59582    3180    9  -999.9  -999.9  -999.9  -999.9  -999.9  -999.9
2022 01 03  0054   59582    3240    9  -999.9  -999.9  -999.9  -999.9  -999.9  -999.9
2022 01 03  0055   59582    3300    9  -999.9  -999.9  -999.9  -999.9  -999.9  -999.9
2022 01 03  0056   59582    3360    9  -999.9  -999.9  -999.9  -999.9  -999.9  -999.9
2022 01 03  0057   59582    3420    9  -999.9  -999.9  -999.9  -999.9  -999.9  -999.9
2022 01 03  0058   59582    3480    9  -999.9  -999.9  -999.9  -999.9  -999.9  -999.9
2022 01 03  0059   59582    3540    9  -999.9  -999.9  -999.9  -999.9  -999.9  -999.9
2022 01 03  0100   59582    3600    9  -999.9  -999.9  -999.9  -999.9  -999.9  -999.9
2022 01 03  0101   59582    3660    9  -999.9  -999.9  -999.9  -999.9  -999.9  -999.9
2022 01 03  0102   59582    3720    9  -999.9  -999.9  -999.9  -999.9  -999.9  -999.9
2022 01 03  0103   59582    3780    9  -999.9  -999.9  -999.9  -999.9  -999.9  -999.9
2022 01 03  0104   59582    3840    9  -999.9  -999.9  -999.9  -999.9  -999.9  -999.9
2022 01 03  0105   59582    3900    9  -999.9  -999.9  -999.9  -999.9  -999.9  -999.9
2022 01 03  0106   59582    3960    9  -999.9  -999.9  -999.9  -999.9  -999.9  -999.9
2022 01 03  0107   59582    4020    9  -999.9  -999.9  -999.9  -999.9  -999.9  -999.9
2022 01 03  0108   59582    4080    9  -999.9  -999.9  -999.9  -999.9  -999.9  -999.9
2022 01 03  0109   59582    4140    9  -999.9  -999.9  -999.9  -999.9  -999.9  -999.9
2022 01 03  0110   59582    4200    9  -999.9  -999.9  -999.9  -999.9  -999.9  -999.9
2022 01 03  0111   59582    4260    9  -999.9  -999.9  -999.9  -999.9  -999.9  -999.9
2022 01 03  0112   59582    4320    9  -999.9  -999.9  -999.9  -999.9  -999.9  -999.9
2022 01 03  0113   59582    4380    9  -999.9  -999.9  -999.9  -999.9  -999.9  -999.9
2022 01 03  0114   59582    4440    9  -999.9  -999.9  -999.9  -999.9  -999.9  -999.9
2022 01 03  0115   59582    4500    9  -999.9  -999.9  -999.9  -999.9  -999.9  -999.9
2022 01 03  0116   59582    4560    9  -999.9  -999.9  -999.9  -999.9  -999.9  -999.9
2022 01 03  0117   59582    4620    9  -999.9  -999.9  -999.9  -999.9  -999.9  -999.9
2022 01 03  0118   59582    4680    9  -999.9  -999.9  -999.9  -999.9  -999.9  -999.9
2022 01 03  0119   59582    4740    9  -999.9  -999.9  -999.9  -999.9  -999.9  -999.9
2022 01 03  0120   59582    4800    9  -999.9  -999.9  -999.9  -999.9  -999.9  -999.9
2022 01 03  0121   59582    4860    9  -999.9  -999.9  -999.9  -999.9  -999.9  -999.9
2022 01 03  0122   59582    4920    9  -999.9  -999.9  -999.9  -999.9  -999.9  -999.9
2022 01 03  0123   59582    4980    9  -999.9  -999.9  -999.9  -999.9  -999.9  -999.9
2022 01 03  0124   59582    5040    9  -999.9  -999.9  -999.9  -999.9  -999.9  -999.9
2022 01 03  0125   59582    5100    9  -999.9  -999.9  -999.9  -999.9  -999.9  -999.9
2022 01 03  0126   59582    5160    9  -999.9  -999.9  -999.9  -999.9  -999.9  -999.9
2022 01 03  0127   59582    5220    9  -999.9  -999.9  -999.9  -999.9  -999.9  -999.9
2022 01 03  0128   59582    5280    9  -999.9  -999.9  -999.9  -999.9  -999.9  -999.9
2022 01 03  0129   59582    5340    9  -999.9  -999.9  -999.9  -999.9  -999.9  -999.9
2022 01 03  0130   59582    5400    9  -999.9  -999.9  -999.9  -999.9  -999.9  -999.9
2022 01 03  0131   59582    5460    9  -999.9  -999.9  -999.9  -999.9  -999.9  -999.9
2022 01 03  0132   59582    5520    9  -999.9  -999.9  -999.9  -999.9  -999.9  -999.9
2022 01 03  0133   59582    5580    9  -999.9  -999.9  -999.9  -999.9  -999.9  -999.9
2022 01 03  0134   59582    5640    9  -999.9  -999.9  -999.9  -999.9  -999.9  -999.9
2022 01 03  0135   59582    5700    9  -999.9  -999.9  -999.9  -999.9  -999.9  -999.9
2022 01 03  0136   59582    5760    9  -999.9  -999.9  -999.9  -999.9  -999.9  -999.9
2022 01 03  0137   59582    5820    9  -999.9  -999.9  -999.9  -999.9  -999.9  -999.9
2022 01 03  0138   59582    5880    9  -999.9  -999.9  -999.9  -999.9  -999.9  -999.9
2022 01 03  0139   59582    5940    9  -999.9  -999.9  -999.9  -999.9  -999.9  -999.9
2022 01 03  0140   59582    6000    9  -999.9  -999.9  -999.9  -999.9  -999.9  -999.9
2022 01 03  0141   59582    6060    9  -999.9  -999.9  -999.9  -999.9  -999.9  -999.9
2022 01 03  0142   59582    6120    9  -999.9  -999.9  -999.9  -999.9  -999.9  -999.9
2022 01 03  0143   59582    6180    9  -999.9  -999.9  -999.9  -999.9  -999.9  -999.9
2022 01 03  0144   59582    6240    9  -999.9  -999.9  -999.9  -999.9  -999.9  -999.9
2022 01 03  0145   59582    6300    9  -999.9  -999.9  -999.9  -999.9  -999.9  -999.9
2022 01 03  0146   59582    6360    9  -999.9  -999.9  -999.9  -999.9  -999.9  -999.9
2022 01 03  0147   59582    6420    9  -999.9  -999.9  -999.9  -999.9  -999.9  -999.9
2022 01 03  0148   59582    6480    9  -999.9  -999.9  -999.9  -999.9  -999.9  -999.9
2022 01 03  0149   59582    6540    9  -999.9  -999.9  -999.9  -999.9  -999.9  -999.9
2022 01 03  0150   59582    6600    9  -999.9  -999.9  -999.9  -999.9  -999.9  -999.9
2022 01 03  0151   59582    6660    9  -999.9  -999.9  -999.9  -999.9  -999.9  -999.9
2022 01 03  0152   59582    6720    9  -999.9  -999.9  -999.9  -999.9  -999.9  -999.9
2022 01 03  0153   59582    6780    9  -999.9  -999.9  -999.9  -999.9  -999.9  -999.9
2022 01 03  0154   59582    6840    9  -999.9  -999.9  -999.9  -999.9  -999.9  -999.9
2022 01 03  0155   59582    6900    9  -999.9  -999.9  -999.9  -999.9  -999.9  -999.9
2022 01 03  0156   59582    6960    9  -999.9  -999.9  -999.9  -999.9  -999.9  -999.9
2022 01 03  0157   59582    7020    9  -999.9  -999.9  -999.9  -999.9  -999.9  -999.9
2022 01 03  0158   59582    7080    9  -999.9  -999.9  -999.9  -999.9  -999.9  -999.9
2022 01 03  0159   59582    7140    9  -999.9  -999.9  -999.9  -999.9  -999.9  -999.9
2022 01 03  0200   59582    7200    9  -999.9  -999.9  -999.9  -999.9  -999.9  -999.9
2022 01 03  0201   59582    7260    9  -999.9  -999.9  -999.9  -999.9  -999.9  -999.9
2022 01 03  0202   59582    7320    9  -999.9  -999.9  -999.9  -999.9  -999.9  -999.9
2022 01 03  0203   59582    7380    9  -999.9  -999.9  -999.9  -999.9  -999.9  -999.9
2022 01 03  0204   59582    7440    9  -999.9  -999.9  -999.9  -999.9  -999.9  -999.9
2022 01 03  0205   59582    7500    9  -999.9  -999.9  -999.9  -999.9  -999.9  -999.9
2022 01 03  0206   59582    7560    9  -999.9  -999.9  -999.9  -999.9  -999.9  -999.9
2022 01 03  0207   59582    7620    9  -999.9  -999.9  -999.9  -999.9  -999.9  -999.9
2022 01 03  0208   59582    7680    9  -999.9  -999.9  -999.9  -999.9  -999.9  -999.9
2022 01 03  0209   59582    7740    9  -999.9  -999.9  -999.9  -999.9  -999.9  -999.9
2022 01 03  0210   59582    7800    9  -999.9  -999.9  -999.9  -999.9  -999.9  -999.9
2022 01 03  0211   59582    7860    9  -999.9  -999.9  -999.9  -999.9  -999.9  -999.9
2022 01 03  0212   59582    7920    9  -999.9  -999.9  -999.9  -999.9  -999.9  -999.9
2022 01 03  0213   59582    7980    9  -999.9  -999.9  -999.9  -999.9  -999.9  -999.9
2022 01 03  0214   59582    8040    9  -999.9  -999.9  -999.9  -999.9  -999.9  -999.9
2022 01 03  0215   59582    8100    9  -999.9  -999.9  -999.9  -999.9  -999.9  -999.9
2022 01 03  0216   59582    8160    9  -999.9  -999.9  -999.9  -999.9  -999.9  -999.9
2022 01 03  0217   59582    8220    9  -999.9  -999.9  -999.9  -999.9  -999.9  -999.9
2022 01 03  0218   59582    8280    9  -999.9  -999.9  -999.9  -999.9  -999.9  -999.9
2022 01 03  0219   59582    8340    9  -999.9  -999.9  -999.9  -999.9  -999.9  -999.9
2022 01 03  0220   59582    8400    9  -999.9  -999.9  -999.9  -999.9  -999.9  -999.9
2022 01 03  0221   59582    8460    9  -999.9  -999.9  -999.9  -999.9  -999.9  -999.9
2022 01 03  0222   59582    8520    9  -999.9  -999.9  -999.9  -999.9  -999.9  -999.9
2022 01 03  0223   59582    8580    9  -999.9  -999.9  -999.9  -999.9  -999.9  -999.9
2022 01 03  0224   59582    8640    9  -999.9  -999.9  -999.9  -999.9  -999.9  -999.9
2022 01 03  0225   59582    8700    9  -999.9  -999.9  -999.9  -999.9  -999.9  -999.9
2022 01 03  0226   59582    8760    9  -999.9  -999.9  -999.9  -999.9  -999.9  -999.9
2022 01 03  0227   59582    8820    9  -999.9  -999.9  -999.9  -999.9  -999.9  -999.9
2022 01 03  0228   59582    8880    9  -999.9  -999.9  -999.9  -999.9  -999.9  -999.9
2022 01 03  0229   59582    8940    9  -999.9  -999.9  -999.9  -999.9  -999.9  -999.9
2022 01 03  0230   59582    9000    9  -999.9  -999.9  -999.9  -999.9  -999.9  -999.9
2022 01 03  0231   59582    9060    9  -999.9  -999.9  -999.9  -999.9  -999.9  -999.9
2022 01 03  0232   59582    9120    9  -999.9  -999.9  -999.9  -999.9  -999.9  -999.9
2022 01 03  0233   59582    9180    9  -999.9  -999.9  -999.9  -999.9  -999.9  -999.9
2022 01 03  0234   59582    9240    9  -999.9  -999.9  -999.9  -999.9  -999.9  -999.9
2022 01 03  0235   59582    9300    9  -999.9  -999.9  -999.9  -999.9  -999.9  -999.9
2022 01 03  0236   59582    9360    9  -999.9  -999.9  -999.9  -999.9  -999.9  -999.9
2022 01 03  0237   59582    9420    9  -999.9  -999.9  -999.9  -999.9  -999.9  -999.9
2022 01 03  0238   59582    9480    9  -999.9  -999.9  -999.9  -999.9  -999.9  -999.9
2022 01 03  0239   59582    9540    9  -999.9  -999.9  -999.9  -999.9  -999.9  -999.9
2022 01 03  0240   59582    9600    9  -999.9  -999.9  -999.9  -999.9  -999.9  -999.9
2022 01 03  0241   59582    9660    9  -999.9  -999.9  -999.9  -999.9  -999.9  -999.9
2022 01 03  0242   59582    9720    9  -999.9  -999.9  -999.9  -999.9  -999.9  -999.9
2022 01 03  0243   59582    9780    9  -999.9  -999.9  -999.9  -999.9  -999.9  -999.9
2022 01 03  0244   59582    9840    9  -999.9  -999.9  -999.9  -999.9  -999.9  -999.9
2022 01 03  0245   59582    9900    9  -999.9  -999.9  -999.9  -999.9  -999.9  -999.9
2022 01 03  0246   59582    9960    9  -999.9  -999.9  -999.9  -999.9  -999.9  -999.9
2022 01 03  0247   59582   10020    9  -999.9  -999.9  -999.9  -999.9  -999.9  -999.9
2022 01 03  0248   59582   10080    9  -999.9  -999.9  -999.9  -999.9  -999.9  -999.9
2022 01 03  0249   59582   10140    9  -999.9  -999.9  -999.9  -999.9  -999.9  -999.9
2022 01 03  0250   59582   10200    9  -999.9  -999.9  -999.9  -999.9  -999.9  -999.9
2022 01 03  0251   59582   10260    9  -999.9  -999.9  -999.9  -999.9  -999.9  -999.9
2022 01 03  0252   59582   10320    9  -999.9  -999.9  -999.9  -999.9  -999.9  -999.9
2022 01 03  0253   59582   10380    9  -999.9  -999.9  -999.9  -999.9  -999.9  -999.9
2022 01 03  0254   59582   10440    9  -999.9  -999.9  -999.9  -999.9  -999.9  -999.9
2022 01 03  0255   59582   10500    9  -999.9  -999.9  -999.9  -999.9  -999.9  -999.9
2022 01 03  0256   59582   10560    9  -999.9  -999.9  -999.9  -999.9  -999.9  -999.9
2022 01 03  0257   59582   10620    9  -999.9  -999.9  -999.9  -999.9  -999.9  -999.9
2022 01 03  0258   59582   10680    9  -999.9  -999.9  -999.9  -999.9  -999.9  -999.9
2022 01 03  0259   59582   10740    9  -999.9  -999.9  -999.9  -999.9  -999.9  -999.9
2022 01 03  0300   59582   10800    9  -999.9  -999.9  -999.9  -999.9  -999.9  -999.9
2022 01 03  0301   59582   10860    9  -999.9  -999.9  -999.9  -999.9  -999.9  -999.9
2022 01 03  0302   59582   10920    9  -999.9  -999.9  -999.9  -999.9  -999.9  -999.9
2022 01 03  0303   59582   10980    9  -999.9  -999.9  -999.9  -999.9  -999.9  -999.9
2022 01 03  0304   59582   11040    9  -999.9  -999.9  -999.9  -999.9  -999.9  -999.9
2022 01 03  0305   59582   11100    9  -999.9  -999.9  -999.9  -999.9  -999.9  -999.9
2022 01 03  0306   59582   11160    9  -999.9  -999.9  -999.9  -999.9  -999.9  -999.9
2022 01 03  0307   59582   11220    9  -999.9  -999.9  -999.9  -999.9  -999.9  -999.9
2022 01 03  0308   59582   11280    9  -999.9  -999.9  -999.9  -999.9  -999.9  -999.9
2022 01 03  0309   59582   11340    9  -999.9  -999.9  -999.9  -999.9  -999.9  -999.9
2022 01 03  0310   59582   11400    9  -999.9  -999.9  -999.9  -999.9  -999.9  -999.9
2022 01 03  0311   59582   11460    9  -999.9  -999.9  -999.9  -999.9  -999.9  -999.9
2022 01 03  0312   59582   11520    9  -999.9  -999.9  -999.9  -999.9  -999.9  -999.9
2022 01 03  0313   59582   11580    9  -999.9  -999.9  -999.9  -999.9  -999.9  -999.9
2022 01 03  0314   59582   11640    9  -999.9  -999.9  -999.9  -999.9  -999.9  -999.9
2022 01 03  0315   59582   11700    9  -999.9  -999.9  -999.9  -999.9  -999.9  -999.9
2022 01 03  0316   59582   11760    9  -999.9  -999.9  -999.9  -999.9  -999.9  -999.9
2022 01 03  0317   59582   11820    9  -999.9  -999.9  -999.9  -999.9  -999.9  -999.9
2022 01 03  0318   59582   11880    9  -999.9  -999.9  -999.9  -999.9  -999.9  -999.9
2022 01 03  0319   59582   11940    9  -999.9  -999.9  -999.9  -999.9  -999.9  -999.9
2022 01 03  0320   59582   12000    9  -999.9  -999.9  -999.9  -999.9  -999.9  -999.9
2022 01 03  0321   59582   12060    9  -999.9  -999.9  -999.9  -999.9  -999.9  -999.9
2022 01 03  0322   59582   12120    9  -999.9  -999.9  -999.9  -999.9  -999.9  -999.9
2022 01 03  0323   59582   12180    9  -999.9  -999.9  -999.9  -999.9  -999.9  -999.9
2022 01 03  0324   59582   12240    9  -999.9  -999.9  -999.9  -999.9  -999.9  -999.9
2022 01 03  0325   59582   12300    9  -999.9  -999.9  -999.9  -999.9  -999.9  -999.9
2022 01 03  0326   59582   12360    9  -999.9  -999.9  -999.9  -999.9  -999.9  -999.9
2022 01 03  0327   59582   12420    9  -999.9  -999.9  -999.9  -999.9  -999.9  -999.9
2022 01 03  0328   59582   12480    9  -999.9  -999.9  -999.9  -999.9  -999.9  -999.9
2022 01 03  0329   59582   12540    9  -999.9  -999.9  -999.9  -999.9  -999.9  -999.9
2022 01 03  0330   59582   12600    9  -999.9  -999.9  -999.9  -999.9  -999.9  -999.9
2022 01 03  0331   59582   12660    9  -999.9  -999.9  -999.9  -999.9  -999.9  -999.9
2022 01 03  0332   59582   12720    9  -999.9  -999.9  -999.9  -999.9  -999.9  -999.9
2022 01 03  0333   59582   12780    9  -999.9  -999.9  -999.9  -999.9  -999.9  -999.9
2022 01 03  0334   59582   12840    9  -999.9  -999.9  -999.9  -999.9  -999.9  -999.9
2022 01 03  0335   59582   12900    9  -999.9  -999.9  -999.9  -999.9  -999.9  -999.9
2022 01 03  0336   59582   12960    9  -999.9  -999.9  -999.9  -999.9  -999.9  -999.9
2022 01 03  0337   59582   13020    9  -999.9  -999.9  -999.9  -999.9  -999.9  -999.9
2022 01 03  0338   59582   13080    9  -999.9  -999.9  -999.9  -999.9  -999.9  -999.9
2022 01 03  0339   59582   13140    9  -999.9  -999.9  -999.9  -999.9  -999.9  -999.9
2022 01 03  0340   59582   13200    9  -999.9  -999.9  -999.9  -999.9  -999.9  -999.9
2022 01 03  0341   59582   13260    9  -999.9  -999.9  -999.9  -999.9  -999.9  -999.9
2022 01 03  0342   59582   13320    9  -999.9  -999.9  -999.9  -999.9  -999.9  -999.9
2022 01 03  0343   59582   13380    9  -999.9  -999.9  -999.9  -999.9  -999.9  -999.9
2022 01 03  0344   59582   13440    9  -999.9  -999.9  -999.9  -999.9  -999.9  -999.9
2022 01 03  0345   59582   13500    9  -999.9  -999.9  -999.9  -999.9  -999.9  -999.9
2022 01 03  0346   59582   13560    9  -999.9  -999.9  -999.9  -999.9  -999.9  -999.9
2022 01 03  0347   59582   13620    9  -999.9  -999.9  -999.9  -999.9  -999.9  -999.9
2022 01 03  0348   59582   13680    9  -999.9  -999.9  -999.9  -999.9  -999.9  -999.9
2022 01 03  0349   59582   13740    9  -999.9  -999.9  -999.9  -999.9  -999.9  -999.9
2022 01 03  0350   59582   13800    9  -999.9  -999.9  -999.9  -999.9  -999.9  -999.9
2022 01 03  0351   59582   13860    9  -999.9  -999.9  -999.9  -999.9  -999.9  -999.9
2022 01 03  0352   59582   13920    9  -999.9  -999.9  -999.9  -999.9  -999.9  -999.9
2022 01 03  0353   59582   13980    9  -999.9  -999.9  -999.9  -999.9  -999.9  -999.9
2022 01 03  0354   59582   14040    9  -999.9  -999.9  -999.9  -999.9  -999.9  -999.9
2022 01 03  0355   59582   14100    9  -999.9  -999.9  -999.9  -999.9  -999.9  -999.9
2022 01 03  0356   59582   14160    9  -999.9  -999.9  -999.9  -999.9  -999.9  -999.9
2022 01 03  0357   59582   14220    9  -999.9  -999.9  -999.9  -999.9  -999.9  -999.9
2022 01 03  0358   59582   14280    9  -999.9  -999.9  -999.9  -999.9  -999.9  -999.9
2022 01 03  0359   59582   14340    9  -999.9  -999.9  -999.9  -999.9  -999.9  -999.9
2022 01 03  0400   59582   14400    9  -999.9  -999.9  -999.9  -999.9  -999.9  -999.9
2022 01 03  0401   59582   14460    9  -999.9  -999.9  -999.9  -999.9  -999.9  -999.9
2022 01 03  0402   59582   14520    9  -999.9  -999.9  -999.9  -999.9  -999.9  -999.9
2022 01 03  0403   59582   14580    9  -999.9  -999.9  -999.9  -999.9  -999.9  -999.9
2022 01 03  0404   59582   14640    9  -999.9  -999.9  -999.9  -999.9  -999.9  -999.9
2022 01 03  0405   59582   14700    9  -999.9  -999.9  -999.9  -999.9  -999.9  -999.9
2022 01 03  0406   59582   14760    9  -999.9  -999.9  -999.9  -999.9  -999.9  -999.9
2022 01 03  0407   59582   14820    9  -999.9  -999.9  -999.9  -999.9  -999.9  -999.9
2022 01 03  0408   59582   14880    9  -999.9  -999.9  -999.9  -999.9  -999.9  -999.9
2022 01 03  0409   59582   14940    9  -999.9  -999.9  -999.9  -999.9  -999.9  -999.9
2022 01 03  0410   59582   15000    9  -999.9  -999.9  -999.9  -999.9  -999.9  -999.9
2022 01 03  0411   59582   15060    9  -999.9  -999.9  -999.9  -999.9  -999.9  -999.9
2022 01 03  0412   59582   15120    9  -999.9  -999.9  -999.9  -999.9  -999.9  -999.9
2022 01 03  0413   59582   15180    9  -999.9  -999.9  -999.9  -999.9  -999.9  -999.9
2022 01 03  0414   59582   15240    9  -999.9  -999.9  -999.9  -999.9  -999.9  -999.9
2022 01 03  0415   59582   15300    9  -999.9  -999.9  -999.9  -999.9  -999.9  -999.9
2022 01 03  0416   59582   15360    9  -999.9  -999.9  -999.9  -999.9  -999.9  -999.9
2022 01 03  0417   59582   15420    9  -999.9  -999.9  -999.9  -999.9  -999.9  -999.9
2022 01 03  0418   59582   15480    9  -999.9  -999.9  -999.9  -999.9  -999.9  -999.9
2022 01 03  0419   59582   15540    9  -999.9  -999.9  -999.9  -999.9  -999.9  -999.9
2022 01 03  0420   59582   15600    9  -999.9  -999.9  -999.9  -999.9  -999.9  -999.9
2022 01 03  0421   59582   15660    9  -999.9  -999.9  -999.9  -999.9  -999.9  -999.9
2022 01 03  0422   59582   15720    9  -999.9  -999.9  -999.9  -999.9  -999.9  -999.9
2022 01 03  0423   59582   15780    9  -999.9  -999.9  -999.9  -999.9  -999.9  -999.9
2022 01 03  0424   59582   15840    9  -999.9  -999.9  -999.9  -999.9  -999.9  -999.9
2022 01 03  0425   59582   15900    9  -999.9  -999.9  -999.9  -999.9  -999.9  -999.9
2022 01 03  0426   59582   15960    9  -999.9  -999.9  -999.9  -999.9  -999.9  -999.9
2022 01 03  0427   59582   16020    9  -999.9  -999.9  -999.9  -999.9  -999.9  -999.9
2022 01 03  0428   59582   16080    9  -999.9  -999.9  -999.9  -999.9  -999.9  -999.9
2022 01 03  0429   59582   16140    9  -999.9  -999.9  -999.9  -999.9  -999.9  -999.9
2022 01 03  0430   59582   16200    9  -999.9  -999.9  -999.9  -999.9  -999.9  -999.9
2022 01 03  0431   59582   16260    9  -999.9  -999.9  -999.9  -999.9  -999.9  -999.9
2022 01 03  0432   59582   16320    9  -999.9  -999.9  -999.9  -999.9  -999.9  -999.9
2022 01 03  0433   59582   16380    9  -999.9  -999.9  -999.9  -999.9  -999.9  -999.9
2022 01 03  0434   59582   16440    9  -999.9  -999.9  -999.9  -999.9  -999.9  -999.9
2022 01 03  0435   59582   16500    9  -999.9  -999.9  -999.9  -999.9  -999.9  -999.9
2022 01 03  0436   59582   16560    9  -999.9  -999.9  -999.9  -999.9  -999.9  -999.9
2022 01 03  0437   59582   16620    9  -999.9  -999.9  -999.9  -999.9  -999.9  -999.9
2022 01 03  0438   59582   16680    9  -999.9  -999.9  -999.9  -999.9  -999.9  -999.9
2022 01 03  0439   59582   16740    9  -999.9  -999.9  -999.9  -999.9  -999.9  -999.9
2022 01 03  0440   59582   16800    9  -999.9  -999.9  -999.9  -999.9  -999.9  -999.9
2022 01 03  0441   59582   16860    9  -999.9  -999.9  -999.9  -999.9  -999.9  -999.9
2022 01 03  0442   59582   16920    9  -999.9  -999.9  -999.9  -999.9  -999.9  -999.9
2022 01 03  0443   59582   16980    9  -999.9  -999.9  -999.9  -999.9  -999.9  -999.9
2022 01 03  0444   59582   17040    9  -999.9  -999.9  -999.9  -999.9  -999.9  -999.9
2022 01 03  0445   59582   17100    9  -999.9  -999.9  -999.9  -999.9  -999.9  -999.9
2022 01 03  0446   59582   17160    9  -999.9  -999.9  -999.9  -999.9  -999.9  -999.9
2022 01 03  0447   59582   17220    9  -999.9  -999.9  -999.9  -999.9  -999.9  -999.9
2022 01 03  0448   59582   17280    9  -999.9  -999.9  -999.9  -999.9  -999.9  -999.9
2022 01 03  0449   59582   17340    9  -999.9  -999.9  -999.9  -999.9  -999.9  -999.9
2022 01 03  0450   59582   17400    9  -999.9  -999.9  -999.9  -999.9  -999.9  -999.9
2022 01 03  0451   59582   17460    9  -999.9  -999.9  -999.9  -999.9  -999.9  -999.9
2022 01 03  0452   59582   17520    9  -999.9  -999.9  -999.9  -999.9  -999.9  -999.9
2022 01 03  0453   59582   17580    9  -999.9  -999.9  -999.9  -999.9  -999.9  -999.9
2022 01 03  0454   59582   17640    9  -999.9  -999.9  -999.9  -999.9  -999.9  -999.9
2022 01 03  0455   59582   17700    0     5.1    -2.5    -3.7     6.8   -33.5   334.0
2022 01 03  0456   59582   17760    0     4.9    -2.0    -4.0     6.7   -37.2   337.8
2022 01 03  0457   59582   17820    0     5.2    -1.9    -3.9     6.8   -35.4   340.3
2022 01 03  0458   59582   17880    0     5.0    -1.6    -4.2     6.7   -39.0   341.9
2022 01 03  0459   59582   17940    0     5.0    -1.8    -4.0     6.7   -36.9   340.1
2022 01 03  0500   59582   18000    0     4.7    -1.4    -4.5     6.7   -42.5   343.8
2022 01 03  0501   59582   18060    0     4.8    -0.9    -4.3     6.5   -41.4   348.9
2022 01 03  0502   59582   18120    0     5.2    -1.5    -3.2     6.3   -30.7   344.1
2022 01 03  0503   59582   18180    0     5.3    -1.0    -3.2     6.3   -30.2   348.8
2022 01 03  0504   59582   18240    0     4.5    -0.9    -4.2     6.2   -42.7   348.1
2022 01 03  0505   59582   18300    0     5.2    -0.1    -3.4     6.2   -33.1   358.8
2022 01 03  0506   59582   18360    0     5.8     0.6    -2.5     6.4   -23.5     5.8
2022 01 03  0507   59582   18420    0     6.0     1.4    -1.8     6.4   -16.0    13.6
2022 01 03  0508   59582   18480    0     4.9    -0.6    -3.5     6.0   -35.8   353.2
2022 01 03  0509   59582   18540    0     4.9    -0.9    -4.2     6.5   -40.1   349.7
2022 01 03  0510   59582   18600    0     3.7    -0.6    -4.3     5.7   -49.3   350.8
2022 01 03  0511   59582   18660    9  -999.9  -999.9  -999.9  -999.9  -999.9  -999.9
2022 01 03  0512   59582   18720    0     4.7    -0.2    -4.4     6.4   -43.0   358.1
2022 01 03  0513   59582   18780    0     4.7    -0.5    -4.4     6.5   -42.8   354.5
2022 01 03  0514   59582   18840    0     4.8    -0.5    -4.3     6.5   -41.4   353.5
2022 01 03  0515   59582   18900    0     5.0     0.1    -3.9     6.3   -37.7     1.1
2022 01 03  0516   59582   18960    0     4.8    -0.1    -4.0     6.3   -39.6   359.1
2022 01 03  0517   59582   19020    9  -999.9  -999.9  -999.9  -999.9  -999.9  -999.9
2022 01 03  0518   59582   19080    9  -999.9  -999.9  -999.9  -999.9  -999.9  -999.9
2022 01 03  0519   59582   19140    9  -999.9  -999.9  -999.9  -999.9  -999.9  -999.9
2022 01 03  0520   59582   19200    9  -999.9  -999.9  -999.9  -999.9  -999.9  -999.9
2022 01 03  0521   59582   19260    0     5.1    -0.6    -4.2     6.7   -39.1   353.6
2022 01 03  0522   59582   19320    0     5.3    -0.5    -4.1     6.7   -37.7   354.1
2022 01 03  0523   59582   19380    0     4.5    -0.3    -3.5     5.7   -38.1   356.2
2022 01 03  0524   59582   19440    9  -999.9  -999.9  -999.9  -999.9  -999.9  -999.9
2022 01 03  0525   59582   19500    0     5.4    -0.3    -4.0     6.8   -36.3   356.4
2022 01 03  0526   59582   19560    0     5.5    -0.3    -3.8     6.7   -34.7   356.6
2022 01 03  0527   59582   19620    0    -4.3    -3.8    -2.2     6.1   -20.7   221.7
2022 01 03  0528   59582   19680    9  -999.9  -999.9  -999.9  -999.9  -999.9  -999.9
2022 01 03  0529   59582   19740    9  -999.9  -999.9  -999.9  -999.9  -999.9  -999.9
2022 01 03  0530   59582   19800    9  -999.9  -999.9  -999.9  -999.9  -999.9  -999.9
2022 01 03  0531   59582   19860    9  -999.9  -999.9  -999.9  -999.9  -999.9  -999.9
2022 01 03  0532   59582   19920    9  -999.9  -999.9  -999.9  -999.9  -999.9  -999.9
2022 01 03  0533   59582   19980    9  -999.9  -999.9  -999.9  -999.9  -999.9  -999.9
2022 01 03  0534   59582   20040    9  -999.9  -999.9  -999.9  -999.9  -999.9  -999.9
2022 01 03  0535   59582   20100    9  -999.9  -999.9  -999.9  -999.9  -999.9  -999.9
2022 01 03  0536   59582   20160    9  -999.9  -999.9  -999.9  -999.9  -999.9  -999.9
2022 01 03  0537   59582   20220    9  -999.9  -999.9  -999.9  -999.9  -999.9  -999.9
2022 01 03  0538   59582   20280    9  -999.9  -999.9  -999.9  -999.9  -999.9  -999.9
2022 01 03  0539   59582   20340    9  -999.9  -999.9  -999.9  -999.9  -999.9  -999.9
2022 01 03  0540   59582   20400    9  -999.9  -999.9  -999.9  -999.9  -999.9  -999.9
2022 01 03  0541   59582   20460    9  -999.9  -999.9  -999.9  -999.9  -999.9  -999.9
2022 01 03  0542   59582   20520    9  -999.9  -999.9  -999.9  -999.9  -999.9  -999.9
2022 01 03  0543   59582   20580    9  -999.9  -999.9  -999.9  -999.9  -999.9  -999.9
2022 01 03  0544   59582   20640    9  -999.9  -999.9  -999.9  -999.9  -999.9  -999.9
2022 01 03  0545   59582   20700    9  -999.9  -999.9  -999.9  -999.9  -999.9  -999.9
2022 01 03  0546   59582   20760    9  -999.9  -999.9  -999.9  -999.9  -999.9  -999.9
2022 01 03  0547   59582   20820    9  -999.9  -999.9  -999.9  -999.9  -999.9  -999.9
2022 01 03  0548   59582   20880    9  -999.9  -999.9  -999.9  -999.9  -999.9  -999.9
2022 01 03  0549   59582   20940    9  -999.9  -999.9  -999.9  -999.9  -999.9  -999.9
2022 01 03  0550   59582   21000    9  -999.9  -999.9  -999.9  -999.9  -999.9  -999.9
2022 01 03  0551   59582   21060    9  -999.9  -999.9  -999.9  -999.9  -999.9  -999.9
2022 01 03  0552   59582   21120    9  -999.9  -999.9  -999.9  -999.9  -999.9  -999.9
2022 01 03  0553   59582   21180    9  -999.9  -999.9  -999.9  -999.9  -999.9  -999.9
2022 01 03  0554   59582   21240    9  -999.9  -999.9  -999.9  -999.9  -999.9  -999.9
2022 01 03  0555   59582   21300    9  -999.9  -999.9  -999.9  -999.9  -999.9  -999.9
2022 01 03  0556   59582   21360    9  -999.9  -999.9  -999.9  -999.9  -999.9  -999.9
2022 01 03  0557   59582   21420    9  -999.9  -999.9  -999.9  -999.9  -999.9  -999.9
2022 01 03  0558   59582   21480    9  -999.9  -999.9  -999.9  -999.9  -999.9  -999.9
2022 01 03  0559   59582   21540    9  -999.9  -999.9  -999.9  -999.9  -999.9  -999.9
2022 01 03  0600   59582   21600    9  -999.9  -999.9  -999.9  -999.9  -999.9  -999.9
2022 01 03  0601   59582   21660    9  -999.9  -999.9  -999.9  -999.9  -999.9  -999.9
2022 01 03  0602   59582   21720    9  -999.9  -999.9  -999.9  -999.9  -999.9  -999.9
2022 01 03  0603   59582   21780    9  -999.9  -999.9  -999.9  -999.9  -999.9  -999.9
2022 01 03  0604   59582   21840    9  -999.9  -999.9  -999.9  -999.9  -999.9  -999.9
2022 01 03  0605   59582   21900    9  -999.9  -999.9  -999.9  -999.9  -999.9  -999.9
2022 01 03  0606   59582   21960    9  -999.9  -999.9  -999.9  -999.9  -999.9  -999.9
2022 01 03  0607   59582   22020    9  -999.9  -999.9  -999.9  -999.9  -999.9  -999.9
2022 01 03  0608   59582   22080    9  -999.9  -999.9  -999.9  -999.9  -999.9  -999.9
2022 01 03  0609   59582   22140    9  -999.9  -999.9  -999.9  -999.9  -999.9  -999.9
2022 01 03  0610   59582   22200    9  -999.9  -999.9  -999.9  -999.9  -999.9  -999.9
2022 01 03  0611   59582   22260    9  -999.9  -999.9  -999.9  -999.9  -999.9  -999.9
2022 01 03  0612   59582   22320    9  -999.9  -999.9  -999.9  -999.9  -999.9  -999.9
2022 01 03  0613   59582   22380    9  -999.9  -999.9  -999.9  -999.9  -999.9  -999.9
2022 01 03  0614   59582   22440    9  -999.9  -999.9  -999.9  -999.9  -999.9  -999.9
2022 01 03  0615   59582   22500    9  -999.9  -999.9  -999.9  -999.9  -999.9  -999.9
2022 01 03  0616   59582   22560    9  -999.9  -999.9  -999.9  -999.9  -999.9  -999.9
2022 01 03  0617   59582   22620    9  -999.9  -999.9  -999.9  -999.9  -999.9  -999.9
2022 01 03  0618   59582   22680    9  -999.9  -999.9  -999.9  -999.9  -999.9  -999.9
2022 01 03  0619   59582   22740    9  -999.9  -999.9  -999.9  -999.9  -999.9  -999.9
2022 01 03  0620   59582   22800    9  -999.9  -999.9  -999.9  -999.9  -999.9  -999.9
2022 01 03  0621   59582   22860    9  -999.9  -999.9  -999.9  -999.9  -999.9  -999.9
2022 01 03  0622   59582   22920    9  -999.9  -999.9  -999.9  -999.9  -999.9  -999.9
2022 01 03  0623   59582   22980    9  -999.9  -999.9  -999.9  -999.9  -999.9  -999.9
2022 01 03  0624   59582   23040    9  -999.9  -999.9  -999.9  -999.9  -999.9  -999.9
2022 01 03  0625   59582   23100    9  -999.9  -999.9  -999.9  -999.9  -999.9  -999.9
2022 01 03  0626   59582   23160    9  -999.9  -999.9  -999.9  -999.9  -999.9  -999.9
2022 01 03  0627   59582   23220    9  -999.9  -999.9  -999.9  -999.9  -999.9  -999.9
2022 01 03  0628   59582   23280    9  -999.9  -999.9  -999.9  -999.9  -999.9  -999.9
2022 01 03  0629   59582   23340    9  -999.9  -999.9  -999.9  -999.9  -999.9  -999.9
2022 01 03  0630   59582   23400    9  -999.9  -999.9  -999.9  -999.9  -999.9  -999.9
2022 01 03  0631   59582   23460    9  -999.9  -999.9  -999.9  -999.9  -999.9  -999.9
2022 01 03  0632   59582   23520    9  -999.9  -999.9  -999.9  -999.9  -999.9  -999.9
2022 01 03  0633   59582   23580    9  -999.9  -999.9  -999.9  -999.9  -999.9  -999.9
2022 01 03  0634   59582   23640    9  -999.9  -999.9  -999.9  -999.9  -999.9  -999.9
2022 01 03  0635   59582   23700    9  -999.9  -999.9  -999.9  -999.9  -999.9  -999.9
2022 01 03  0636   59582   23760    9  -999.9  -999.9  -999.9  -999.9  -999.9  -999.9
2022 01 03  0637   59582   23820    9  -999.9  -999.9  -999.9  -999.9  -999.9  -999.9
2022 01 03  0638   59582   23880    9  -999.9  -999.9  -999.9  -999.9  -999.9  -999.9
2022 01 03  0639   59582   23940    9  -999.9  -999.9  -999.9  -999.9  -999.9  -999.9
2022 01 03  0640   59582   24000    9  -999.9  -999.9  -999.9  -999.9  -999.9  -999.9
2022 01 03  0641   59582   24060    9  -999.9  -999.9  -999.9  -999.9  -999.9  -999.9
2022 01 03  0642   59582   24120    9  -999.9  -999.9  -999.9  -999.9  -999.9  -999.9
2022 01 03  0643   59582   24180    9  -999.9  -999.9  -999.9  -999.9  -999.9  -999.9
2022 01 03  0644   59582   24240    9  -999.9  -999.9  -999.9  -999.9  -999.9  -999.9
2022 01 03  0645   59582   24300    9  -999.9  -999.9  -999.9  -999.9  -999.9  -999.9
2022 01 03  0646   59582   24360    9  -999.9  -999.9  -999.9  -999.9  -999.9  -999.9
2022 01 03  0647   59582   24420    9  -999.9  -999.9  -999.9  -999.9  -999.9  -999.9
2022 01 03  0648   59582   24480    9  -999.9  -999.9  -999.9  -999.9  -999.9  -999.9
2022 01 03  0649   59582   24540    9  -999.9  -999.9  -999.9  -999.9  -999.9  -999.9
2022 01 03  0650   59582   24600    9  -999.9  -999.9  -999.9  -999.9  -999.9  -999.9
2022 01 03  0651   59582   24660    9  -999.9  -999.9  -999.9  -999.9  -999.9  -999.9
2022 01 03  0652   59582   24720    9  -999.9  -999.9  -999.9  -999.9  -999.9  -999.9
2022 01 03  0653   59582   24780    9  -999.9  -999.9  -999.9  -999.9  -999.9  -999.9
2022 01 03  0654   59582   24840    9  -999.9  -999.9  -999.9  -999.9  -999.9  -999.9
2022 01 03  0655   59582   24900    9  -999.9  -999.9  -999.9  -999.9  -999.9  -999.9
2022 01 03  0656   59582   24960    9  -999.9  -999.9  -999.9  -999.9  -999.9  -999.9
2022 01 03  0657   59582   25020    9  -999.9  -999.9  -999.9  -999.9  -999.9  -999.9
2022 01 03  0658   59582   25080    9  -999.9  -999.9  -999.9  -999.9  -999.9  -999.9
2022 01 03  0659   59582   25140    9  -999.9  -999.9  -999.9  -999.9  -999.9  -999.9
2022 01 03  0700   59582   25200    9  -999.9  -999.9  -999.9  -999.9  -999.9  -999.9
2022 01 03  0701   59582   25260    9  -999.9  -999.9  -999.9  -999.9  -999.9  -999.9
2022 01 03  0702   59582   25320    9  -999.9  -999.9  -999.9  -999.9  -999.9  -999.9
2022 01 03  0703   59582   25380    9  -999.9  -999.9  -999.9  -999.9  -999.9  -999.9
2022 01 03  0704   59582   25440    9  -999.9  -999.9  -999.9  -999.9  -999.9  -999.9
2022 01 03  0705   59582   25500    9  -999.9  -999.9  -999.9  -999.9  -999.9  -999.9
2022 01 03  0706   59582   25560    9  -999.9  -999.9  -999.9  -999.9  -999.9  -999.9
2022 01 03  0707   59582   25620    9  -999.9  -999.9  -999.9  -999.9  -999.9  -999.9
2022 01 03  0708   59582   25680    9  -999.9  -999.9  -999.9  -999.9  -999.9  -999.9
2022 01 03  0709   59582   25740    9  -999.9  -999.9  -999.9  -999.9  -999.9  -999.9
2022 01 03  0710   59582   25800    9  -999.9  -999.9  -999.9  -999.9  -999.9  -999.9
2022 01 03  0711   59582   25860    9  -999.9  -999.9  -999.9  -999.9  -999.9  -999.9
2022 01 03  0712   59582   25920    9  -999.9  -999.9  -999.9  -999.9  -999.9  -999.9
2022 01 03  0713   59582   25980    9  -999.9  -999.9  -999.9  -999.9  -999.9  -999.9
2022 01 03  0714   59582   26040    9  -999.9  -999.9  -999.9  -999.9  -999.9  -999.9
2022 01 03  0715   59582   26100    9  -999.9  -999.9  -999.9  -999.9  -999.9  -999.9
2022 01 03  0716   59582   26160    9  -999.9  -999.9  -999.9  -999.9  -999.9  -999.9
2022 01 03  0717   59582   26220    9  -999.9  -999.9  -999.9  -999.9  -999.9  -999.9
2022 01 03  0718   59582   26280    9  -999.9  -999.9  -999.9  -999.9  -999.9  -999.9
2022 01 03  0719   59582   26340    9  -999.9  -999.9  -999.9  -999.9  -999.9  -999.9
2022 01 03  0720   59582   26400    9  -999.9  -999.9  -999.9  -999.9  -999.9  -999.9
2022 01 03  0721   59582   26460    9  -999.9  -999.9  -999.9  -999.9  -999.9  -999.9
2022 01 03  0722   59582   26520    9  -999.9  -999.9  -999.9  -999.9  -999.9  -999.9
2022 01 03  0723   59582   26580    9  -999.9  -999.9  -999.9  -999.9  -999.9  -999.9
2022 01 03  0724   59582   26640    9  -999.9  -999.9  -999.9  -999.9  -999.9  -999.9
2022 01 03  0725   59582   26700    9  -999.9  -999.9  -999.9  -999.9  -999.9  -999.9
2022 01 03  0726   59582   26760    9  -999.9  -999.9  -999.9  -999.9  -999.9  -999.9
2022 01 03  0727   59582   26820    9  -999.9  -999.9  -999.9  -999.9  -999.9  -999.9
2022 01 03  0728   59582   26880    9  -999.9  -999.9  -999.9  -999.9  -999.9  -999.9
2022 01 03  0729   59582   26940    9  -999.9  -999.9  -999.9  -999.9  -999.9  -999.9
2022 01 03  0730   59582   27000    9  -999.9  -999.9  -999.9  -999.9  -999.9  -999.9
2022 01 03  0731   59582   27060    9  -999.9  -999.9  -999.9  -999.9  -999.9  -999.9
2022 01 03  0732   59582   27120    9  -999.9  -999.9  -999.9  -999.9  -999.9  -999.9
2022 01 03  0733   59582   27180    9  -999.9  -999.9  -999.9  -999.9  -999.9  -999.9
2022 01 03  0734   59582   27240    9  -999.9  -999.9  -999.9  -999.9  -999.9  -999.9
2022 01 03  0735   59582   27300    9  -999.9  -999.9  -999.9  -999.9  -999.9  -999.9
2022 01 03  0736   59582   27360    9  -999.9  -999.9  -999.9  -999.9  -999.9  -999.9
2022 01 03  0737   59582   27420    9  -999.9  -999.9  -999.9  -999.9  -999.9  -999.9
2022 01 03  0738   59582   27480    9  -999.9  -999.9  -999.9  -999.9  -999.9  -999.9
2022 01 03  0739   59582   27540    9  -999.9  -999.9  -999.9  -999.9  -999.9  -999.9
2022 01 03  0740   59582   27600    9  -999.9  -999.9  -999.9  -999.9  -999.9  -999.9
2022 01 03  0741   59582   27660    9  -999.9  -999.9  -999.9  -999.9  -999.9  -999.9
2022 01 03  0742   59582   27720    9  -999.9  -999.9  -999.9  -999.9  -999.9  -999.9
2022 01 03  0743   59582   27780    9  -999.9  -999.9  -999.9  -999.9  -999.9  -999.9
2022 01 03  0744   59582   27840    9  -999.9  -999.9  -999.9  -999.9  -999.9  -999.9
2022 01 03  0745   59582   27900    9  -999.9  -999.9  -999.9  -999.9  -999.9  -999.9
2022 01 03  0746   59582   27960    9  -999.9  -999.9  -999.9  -999.9  -999.9  -999.9
2022 01 03  0747   59582   28020    9  -999.9  -999.9  -999.9  -999.9  -999.9  -999.9
2022 01 03  0748   59582   28080    9  -999.9  -999.9  -999.9  -999.9  -999.9  -999.9
2022 01 03  0749   59582   28140    9  -999.9  -999.9  -999.9  -999.9  -999.9  -999.9
2022 01 03  0750   59582   28200    9  -999.9  -999.9  -999.9  -999.9  -999.9  -999.9
2022 01 03  0751   59582   28260    9  -999.9  -999.9  -999.9  -999.9  -999.9  -999.9
2022 01 03  0752   59582   28320    9  -999.9  -999.9  -999.9  -999.9  -999.9  -999.9
2022 01 03  0753   59582   28380    9  -999.9  -999.9  -999.9  -999.9  -999.9  -999.9
2022 01 03  0754   59582   28440    9  -999.9  -999.9  -999.9  -999.9  -999.9  -999.9
2022 01 03  0755   59582   28500    9  -999.9  -999.9  -999.9  -999.9  -999.9  -999.9
2022 01 03  0756   59582   28560    9  -999.9  -999.9  -999.9  -999.9  -999.9  -999.9
2022 01 03  0757   59582   28620    9  -999.9  -999.9  -999.9  -999.9  -999.9  -999.9
2022 01 03  0758   59582   28680    9  -999.9  -999.9  -999.9  -999.9  -999.9  -999.9
2022 01 03  0759   59582   28740    9  -999.9  -999.9  -999.9  -999.9  -999.9  -999.9
2022 01 03  0800   59582   28800    9  -999.9  -999.9  -999.9  -999.9  -999.9  -999.9
2022 01 03  0801   59582   28860    9  -999.9  -999.9  -999.9  -999.9  -999.9  -999.9
2022 01 03  0802   59582   28920    9  -999.9  -999.9  -999.9  -999.9  -999.9  -999.9
2022 01 03  0803   59582   28980    9  -999.9  -999.9  -999.9  -999.9  -999.9  -999.9
2022 01 03  0804   59582   29040    9  -999.9  -999.9  -999.9  -999.9  -999.9  -999.9
2022 01 03  0805   59582   29100    9  -999.9  -999.9  -999.9  -999.9  -999.9  -999.9
2022 01 03  0806   59582   29160    9  -999.9  -999.9  -999.9  -999.9  -999.9  -999.9
2022 01 03  0807   59582   29220    9  -999.9  -999.9  -999.9  -999.9  -999.9  -999.9
2022 01 03  0808   59582   29280    9  -999.9  -999.9  -999.9  -999.9  -999.9  -999.9
2022 01 03  0809   59582   29340    0    -3.5     3.8    -4.8     7.0   -42.6   132.7
2022 01 03  0810   59582   29400    0    -3.7     3.7    -4.8     7.1   -43.0   135.2
2022 01 03  0811   59582   29460    0    -3.9     3.6    -4.7     7.1   -41.7   137.2
2022 01 03  0812   59582   29520    0    -3.8     3.7    -4.7     7.1   -41.4   136.4
2022 01 03  0813   59582   29580    0    -3.9     3.5    -4.7     7.0   -41.7   138.1
2022 01 03  0814   59582   29640    0    -3.9     3.5    -4.7     7.0   -41.9   138.1
2022 01 03  0815   59582   29700    0    -3.9     3.6    -4.8     7.1   -42.2   137.5
2022 01 03  0816   59582   29760    0    -3.5     3.5    -5.1     7.1   -45.4   134.8
2022 01 03  0817   59582   29820    0    -2.8     3.2    -5.6     7.0   -52.6   130.9
2022 01 03  0818   59582   29880    0    -2.3     2.9    -5.8     6.9   -57.8   127.9
2022 01 03  0819   59582   29940    0    -3.2     3.7    -4.0     6.3   -39.5   130.7
2022 01 03  0820   59582   30000    0    -3.7     4.5    -1.6     6.0   -15.2   129.6
2022 01 03  0821   59582   30060    0    -3.4     4.4    -1.6     5.8   -16.2   128.0
2022 01 03  0822   59582   30120    0    -3.5     3.8    -0.5     5.2    -5.8   132.8
2022 01 03  0823   59582   30180    0    -3.5     3.5    -1.0     5.1   -11.8   135.3
2022 01 03  0824   59582   30240    0    -3.9     4.1    -2.0     6.0   -19.7   133.9
2022 01 03  0825   59582   30300    0    -4.3     4.1    -1.8     6.2   -16.6   136.5
2022 01 03  0826   59582   30360    0    -4.0     3.9    -1.5     5.8   -15.3   136.0
2022 01 03  0827   59582   30420    0    -3.9     3.8    -1.4     5.6   -14.3   135.3
2022 01 03  0828   59582   30480    0    -3.8     3.6    -1.8     5.5   -18.6   136.5
2022 01 03  0829   59582   30540    0    -4.4     2.4    -2.6     5.6   -27.1   151.0
2022 01 03  0830   59582   30600    0    -4.0     3.4    -2.4     5.7   -24.2   139.5
2022 01 03  0831   59582   30660    0    -4.5     2.7    -2.0     5.6   -21.4   149.3
2022 01 03  0832   59582   30720    0    -4.7     2.8    -2.0     5.8   -20.5   148.8
2022 01 03  0833   59582   30780    0    -4.8     2.2    -2.3     5.8   -23.5   155.0
2022 01 03  0834   59582   30840    0    -3.8     3.2    -2.5     5.5   -26.4   139.9
2022 01 03  0835   59582   30900    0    -4.1     3.0    -2.5     5.6   -26.7   143.6
2022 01 03  0836   59582   30960    0    -4.3     2.6    -2.6     5.7   -27.4   148.8
2022 01 03  0837   59582   31020    0    -4.4     1.8    -2.8     5.5   -30.4   157.6
2022 01 03  0838   59582   31080    0    -4.3     2.2    -2.4     5.5   -26.7   152.9
2022 01 03  0839   59582   31140    0    -4.4     2.4    -2.4     5.5   -25.2   151.4
2022 01 03  0840   59582   31200    0    -4.6     2.4    -2.3     5.6   -24.1   152.8
2022 01 03  0841   59582   31260    0    -4.4     2.5    -2.1     5.5   -23.0   149.9
2022 01 03  0842   59582   31320    0    -4.0     2.8    -2.2     5.3   -23.8   144.9
2022 01 03  0843   59582   31380    0    -4.0     2.9    -2.1     5.4   -23.5   143.8
2022 01 03  0844   59582   31440    0    -4.2     3.6    -2.5     6.0   -24.2   139.5
2022 01 03  0845   59582   31500    0    -4.8     3.4    -2.9     6.5   -26.2   145.0
2022 01 03  0846   59582   31560    0    -4.7     2.0    -4.1     6.5   -39.1   156.5
2022 01 03  0847   59582   31620    0    -5.1     0.3    -5.5     7.5   -47.1   177.1
2022 01 03  0848   59582   31680    9  -999.9  -999.9  -999.9  -999.9  -999.9  -999.9
2022 01 03  0849   59582   31740    0    -5.9     0.3    -5.4     8.0   -42.2   177.3
2022 01 03  0850   59582   31800    0    -6.0     0.7    -5.1     7.8   -40.1   173.1
2022 01 03  0851   59582   31860    0    -5.9     0.7    -5.4     8.0   -42.3   173.3
2022 01 03  0852   59582   31920    0    -5.8     0.9    -5.3     8.0   -42.2   171.7
2022 01 03  0853   59582   31980    0    -6.0     1.0    -5.2     8.0   -40.8   170.1
2022 01 03  0854   59582   32040    0    -6.5     1.3    -4.7     8.1   -35.3   169.0
2022 01 03  0855   59582   32100    0    -6.4     1.3    -5.0     8.2   -37.1   168.6
2022 01 03  0856   59582   32160    0    -6.3     1.5    -4.9     8.1   -36.7   166.5
2022 01 03  0857   59582   32220    0    -6.5     1.7    -4.6     8.1   -34.3   165.5
2022 01 03  0858   59582   32280    0    -6.4     1.7    -4.3     7.9   -33.0   165.6
2022 01 03  0859   59582   32340    0    -6.4     1.6    -4.4     8.0   -33.5   166.2
2022 01 03  0900   59582   32400    0    -6.6     1.7    -4.3     8.1   -32.2   165.7
2022 01 03  0901   59582   32460    0    -6.6     1.6    -4.3     8.1   -32.2   166.1
2022 01 03  0902   59582   32520    0    -6.7     2.3    -4.1     8.2   -29.8   161.4
2022 01 03  0903   59582   32580    0    -7.1     1.7    -4.0     8.3   -29.0   166.3
2022 01 03  0904   59582   32640    0    -7.2     0.5    -3.3     7.9   -24.6   176.2
2022 01 03  0905   59582   32700    0    -7.4     0.8    -2.9     7.9   -21.5   173.8
2022 01 03  0906   59582   32760    0    -7.3     0.9    -2.8     7.9   -21.0   173.1
2022 01 03  0907   59582   32820    0    -7.6     0.3    -2.7     8.0   -19.6   177.6
2022 01 03  0908   59582   32880    0    -7.6     0.5    -2.5     8.0   -18.5   176.6
2022 01 03  0909   59582   32940    0    -7.8     0.7    -2.4     8.1   -16.9   174.8
2022 01 03  0910   59582   33000    0    -7.8     0.8    -2.3     8.2   -16.5   174.0
2022 01 03  0911   59582   33060    0    -7.8     0.7    -2.3     8.2   -16.0   174.6
2022 01 03  0912   59582   33120    0    -8.0     0.8    -2.2     8.4   -15.2   174.0
2022 01 03  0913   59582   33180    0    -8.2     1.0    -2.0     8.5   -14.0   173.3
2022 01 03  0914   59582   33240    0    -8.2     1.0    -1.7     8.5   -11.5   173.1
2022 01 03  0915   59582   33300    0    -8.3     1.0    -1.4     8.4    -9.9   172.8
2022 01 03  0916   59582   33360    0    -8.3     1.3    -1.1     8.5    -7.5   171.0
2022 01 03  0917   59582   33420    0    -8.4     1.6    -0.8     8.6    -5.0   169.4
2022 01 03  0918   59582   33480    0    -8.4     1.5    -0.7     8.6    -4.8   169.9
2022 01 03  0919   59582   33540    0    -8.5     1.6    -0.3     8.7    -2.0   169.2
2022 01 03  0920   59582   33600    0    -8.5     1.7    -0.1     8.7    -0.7   168.8
2022 01 03  0921   59582   33660    0    -8.4     2.1     0.2     8.7     1.2   166.1
2022 01 03  0922   59582   33720    9  -999.9  -999.9  -999.9  -999.9  -999.9  -999.9
2022 01 03  0923   59582   33780    0    -8.3     2.3     0.1     8.6     0.7   164.1
2022 01 03  0924   59582   33840    0    -8.4     2.3    -0.4     8.7    -2.8   165.0
2022 01 03  0925   59582   33900    0    -8.5     2.3    -0.6     8.8    -3.7   164.6
2022 01 03  0926   59582   33960    0    -8.6     2.4    -0.8     9.0    -5.4   164.4
2022 01 03  0927   59582   34020    0    -8.7     2.3    -0.8     9.0    -5.0   164.9
2022 01 03  0928   59582   34080    0    -8.7     2.3    -0.7     9.1    -4.2   165.0
2022 01 03  0929   59582   34140    0    -8.6     2.4    -1.2     9.1    -7.4   164.4
2022 01 03  0930   59582   34200    0    -8.7     2.4    -0.8     9.1    -5.2   164.4
2022 01 03  0931   59582   34260    0    -8.8     2.5    -0.5     9.2    -3.0   164.1
2022 01 03  0932   59582   34320    0    -8.8     2.5    -0.4     9.2    -2.6   164.4
2022 01 03  0933   59582   34380    0    -8.8     2.4    -0.5     9.2    -3.1   164.8
2022 01 03  0934   59582   34440    0    -8.8     2.3    -0.7     9.1    -4.2   165.5
2022 01 03  0935   59582   34500    0    -8.7     2.5    -1.0     9.1    -6.0   164.3
2022 01 03  0936   59582   34560    0    -8.7     2.4    -0.9     9.0    -5.8   164.4
2022 01 03  0937   59582   34620    0    -8.6     2.5    -0.8     9.0    -5.3   164.1
2022 01 03  0938   59582   34680    0    -8.7     2.5    -0.8     9.1    -5.1   164.3
2022 01 03  0939   59582   34740    0    -8.9     2.4    -0.7     9.2    -4.1   164.9
2022 01 03  0940   59582   34800    0    -8.8     2.5    -0.6     9.2    -3.6   163.9
2022 01 03  0941   59582   34860    0    -8.8     2.6    -0.6     9.2    -3.7   163.6
2022 01 03  0942   59582   34920    0    -8.8     2.5    -0.2     9.2    -1.4   164.0
2022 01 03  0943   59582   34980    0    -8.9     2.5    -0.1     9.2    -0.8   164.2
2022 01 03  0944   59582   35040    0    -8.9     2.5    -0.5     9.2    -3.2   164.3
2022 01 03  0945   59582   35100    0    -8.9     2.5    -0.5     9.2    -2.9   164.3
2022 01 03  0946   59582   35160    0    -8.8     2.6    -0.1     9.2    -0.8   163.5
2022 01 03  0947   59582   35220    0    -8.8     2.6    -0.2     9.2    -1.5   163.7
2022 01 03  0948   59582   35280    0    -8.8     2.6    -0.2     9.1    -1.1   163.4
2022 01 03  0949   59582   35340    0    -8.8     2.5    -0.0     9.2    -0.2   164.5
2022 01 03  0950   59582   35400    0    -8.8     2.5     0.2     9.2     1.6   164.1
2022 01 03  0951   59582   35460    0    -8.8     2.4    -0.2     9.2    -1.5   164.7
2022 01 03  0952   59582   35520    0    -8.9     2.3     0.2     9.2     1.0   165.6
2022 01 03  0953   59582   35580    0    -8.9     2.3     0.6     9.2     3.8   165.7
2022 01 03  0954   59582   35640    0    -8.8     2.3     0.8     9.1     5.0   165.7
2022 01 03  0955   59582   35700    0    -8.8     2.4     0.8     9.2     5.0   164.9
2022 01 03  0956   59582   35760    0    -8.7     2.6     0.9     9.1     5.7   163.7
2022 01 03  0957   59582   35820    0    -8.7     2.7     0.9     9.2     5.6   163.0
2022 01 03  0958   59582   35880    0    -8.8     2.7     0.9     9.2     5.8   163.0
2022 01 03  0959   59582   35940    0    -8.8     2.7     0.9     9.2     5.8   163.2
2022 01 03  1000   59582   36000    0    -8.8     2.6     1.1     9.2     6.6   163.4
2022 01 03  1001   59582   36060    0    -8.7     2.7     1.1     9.2     6.8   162.5
2022 01 03  1002   59582   36120    0    -8.7     2.9     1.0     9.2     6.3   161.6
2022 01 03  1003   59582   36180    0    -8.8     2.6     1.2     9.3     7.7   163.6
2022 01 03  1004   59582   36240    0    -8.8     2.6     1.4     9.2     8.6   163.8
2022 01 03  1005   59582   36300    0    -8.5     2.7     1.5     9.1     9.7   162.5
2022 01 03  1006   59582   36360    0    -8.5     2.7     1.5     9.1     9.7   162.4
2022 01 03  1007   59582   36420    0    -8.4     2.8     1.7     9.0    11.1   161.7
2022 01 03  1008   59582   36480    0    -8.4     2.8     1.9     9.0    11.9   161.5
2022 01 03  1009   59582   36540    0    -8.4     2.4     1.8     8.9    11.7   164.1
2022 01 03  1010   59582   36600    0    -8.3     2.6     2.0     8.9    13.0   162.3
2022 01 03  1011   59582   36660    0    -8.1     3.2     2.0     9.0    13.1   158.4
2022 01 03  1012   59582   36720    0    -8.3     2.7     2.5     9.0    16.0   162.0
2022 01 03  1013   59582   36780    0    -8.2     2.8     2.4     9.0    15.4   161.4
2022 01 03  1014   59582   36840    0    -8.2     2.5     2.4     8.9    15.8   163.3
2022 01 03  1015   59582   36900    0    -8.1     2.7     2.5     8.9    16.2   161.4
2022 01 03  1016   59582   36960    0    -8.1     2.7     2.4     8.9    15.7   161.5
2022 01 03  1017   59582   37020    0    -8.1     2.9     2.4     8.9    15.4   160.5
2022 01 03  1018   59582   37080    0    -8.1     2.8     2.1     8.9    13.8   161.3
2022 01 03  1019   59582   37140    0    -8.1     2.2     2.4     8.7    16.1   165.1
2022 01 03  1020   59582   37200    0    -7.7     1.3     2.9     8.3    20.0   170.1
2022 01 03  1021   59582   37260    0    -7.5     1.5     3.2     8.3    22.5   168.6
2022 01 03  1022   59582   37320    0    -7.4     1.6     3.4     8.3    24.3   168.0
2022 01 03  1023   59582   37380    0    -7.4     1.8     3.2     8.2    22.7   166.1
2022 01 03  1024   59582   37440    0    -7.5     1.8     3.0     8.3    21.5   166.7
2022 01 03  1025   59582   37500    0    -7.4     2.1     3.4     8.3    23.8   164.3
2022 01 03  1026   59582   37560    0    -7.3     2.3     3.4     8.4    23.9   162.7
2022 01 03  1027   59582   37620    0    -7.3     1.5     3.5     8.3    25.3   168.2
2022 01 03  1028   59582   37680    0    -7.0     1.3     4.0     8.2    29.4   169.4
2022 01 03  1029   59582   37740    0    -7.0     1.4     3.9     8.1    28.6   169.1
2022 01 03  1030   59582   37800    0    -6.8     1.9     4.2     8.2    30.7   164.4
2022 01 03  1031   59582   37860    0    -6.7     2.3     4.1     8.2    30.3   161.2
2022 01 03  1032   59582   37920    0    -6.8     2.1     4.0     8.2    29.2   162.9
2022 01 03  1033   59582   37980    0    -6.7     2.2     4.0     8.1    29.5   161.8
2022 01 03  1034   59582   38040    0    -6.6     2.3     3.9     8.0    29.0   160.8
2022 01 03  1035   59582   38100    0    -6.7     2.5     3.7     8.1    27.4   159.7
2022 01 03  1036   59582   38160    0    -6.8     2.3     3.8     8.1    27.7   161.1
2022 01 03  1037   59582   38220    0    -6.7     2.3     4.0     8.1    29.4   161.2
2022 01 03  1038   59582   38280    0    -6.8     2.0     3.9     8.1    28.5   163.7
2022 01 03  1039   59582   38340    0    -6.9     1.5     3.8     8.0    28.3   167.4
2022 01 03  1040   59582   38400    0    -6.6     1.6     3.9     7.9    29.8   166.7
2022 01 03  1041   59582   38460    0    -6.5     0.7     4.1     7.7    32.2   173.8
2022 01 03  1042   59582   38520    0    -6.4     1.1     3.9     7.6    31.2   170.2
2022 01 03  1043   59582   38580    0    -6.2     1.3     4.0     7.5    31.9   167.8
2022 01 03  1044   59582   38640    0    -6.3     1.6     3.8     7.6    30.2   165.9
2022 01 03  1045   59582   38700    0    -6.1     2.4     3.2     7.3    26.1   158.6
2022 01 03  1046   59582   38760    0    -5.6     3.9     2.7     7.3    21.6   145.3
2022 01 03  1047   59582   38820    0    -5.7     4.0     2.5     7.4    20.1   145.1
2022 01 03  1048   59582   38880    0    -6.1     2.8     3.1     7.4    24.7   154.9
2022 01 03  1049   59582   38940    0    -6.0     2.6     3.1     7.3    25.4   156.9
2022 01 03  1050   59582   39000    0    -6.0     2.6     3.2     7.3    26.3   156.6
2022 01 03  1051   59582   39060    0    -6.1     2.2     3.3     7.3    26.7   160.1
2022 01 03  1052   59582   39120    0    -5.7     2.9     3.4     7.2    27.7   153.3
2022 01 03  1053   59582   39180    0    -5.6     3.0     3.5     7.3    28.8   151.9
2022 01 03  1054   59582   39240    0    -5.6     3.2     3.3     7.3    27.1   150.3
2022 01 03  1055   59582   39300    0    -5.9     3.6     2.3     7.3    18.7   148.9
2022 01 03  1056   59582   39360    0    -6.1     2.6     3.3     7.4    26.5   156.9
2022 01 03  1057   59582   39420    0    -6.0     2.4     3.5     7.4    28.3   158.7
2022 01 03  1058   59582   39480    0    -6.2     2.4     3.3     7.4    26.3   158.6
2022 01 03  1059   59582   39540    0    -6.2     2.2     3.2     7.3    26.0   160.4
2022 01 03  1100   59582   39600    0    -6.2     2.3     3.2     7.3    26.2   159.9
2022 01 03  1101   59582   39660    0    -6.1     2.4     3.3     7.3    26.5   158.8
2022 01 03  1102   59582   39720    0    -6.2     2.4     3.3     7.4    26.2   158.8
2022 01 03  1103   59582   39780    0    -5.9     2.9     3.1     7.3    25.1   154.2
2022 01 03  1104   59582   39840    0    -6.0     2.3     3.3     7.2    26.9   159.0
2022 01 03  1105   59582   39900    0    -6.0     2.5     3.0     7.2    24.9   157.1
2022 01 03  1106   59582   39960    0    -6.0     2.3     3.2     7.2    26.3   159.0
2022 01 03  1107   59582   40020    0    -6.0     2.2     3.3     7.2    27.6   159.8
2022 01 03  1108   59582   40080    0    -6.1     2.1     3.3     7.3    26.9   160.6
2022 01 03  1109   59582   40140    0    -6.2     2.4     2.9     7.3    23.5   158.9
2022 01 03  1110   59582   40200    0    -5.6     3.4     3.0     7.2    24.2   148.9
2022 01 03  1111   59582   40260    0    -5.7     3.5     3.1     7.4    24.8   148.0
2022 01 03  1112   59582   40320    0    -5.9     2.8     3.1     7.2    25.7   154.2
2022 01 03  1113   59582   40380    0    -5.8     2.9     3.1     7.2    26.0   153.7
2022 01 03  1114   59582   40440    0    -5.9     2.8     3.1     7.2    25.3   154.9
2022 01 03  1115   59582   40500    0    -5.8     2.9     3.0     7.2    24.6   153.4
2022 01 03  1116   59582   40560    0    -5.9     2.8     3.1     7.2    25.7   154.7
2022 01 03  1117   59582   40620    0    -5.5     3.2     3.2     7.2    26.5   149.5
2022 01 03  1118   59582   40680    0    -5.5     3.5     3.1     7.2    25.2   147.9
2022 01 03  1119   59582   40740    0    -5.5     3.1     3.2     7.1    26.7   150.7
2022 01 03  1120   59582   40800    0    -5.6     2.8     3.3     7.1    28.2   153.3
2022 01 03  1121   59582   40860    0    -5.6     3.0     3.2     7.1    26.7   151.9
2022 01 03  1122   59582   40920    0    -5.6     3.0     3.1     7.1    26.1   152.1
2022 01 03  1123   59582   40980    0    -5.7     3.0     3.0     7.1    25.3   152.4
2022 01 03  1124   59582   41040    0    -5.5     3.0     3.1     7.0    26.1   151.6
2022 01 03  1125   59582   41100    0    -5.4     3.2     3.0     7.0    25.6   149.1
2022 01 03  1126   59582   41160    0    -5.3     3.4     3.0     7.0    25.3   147.8
2022 01 03  1127   59582   41220    0    -5.4     3.3     3.0     7.0    25.4   148.2
2022 01 03  1128   59582   41280    0    -5.3     3.4     2.8     6.9    24.2   147.6
2022 01 03  1129   59582   41340    0    -5.3     3.5     2.8     6.9    23.6   147.1
2022 01 03  1130   59582   41400    0    -5.3     3.5     2.5     6.9    21.6   146.6
2022 01 03  1131   59582   41460    0    -5.1     3.5     2.8     6.8    23.9   145.5
2022 01 03  1132   59582   41520    0    -5.1     3.6     2.9     6.9    25.3   144.9
2022 01 03  1133   59582   41580    0    -5.0     3.8     2.8     6.9    24.3   143.0
2022 01 03  1134   59582   41640    0    -4.7     4.1     2.8     6.9    24.4   138.6
2022 01 03  1135   59582   41700    0    -5.1     3.6     3.2     7.0    26.9   145.1
2022 01 03  1136   59582   41760    0    -5.5     2.6     3.7     7.1    31.8   154.5
2022 01 03  1137   59582   41820    0    -5.3     2.5     3.9     7.0    33.4   154.5
2022 01 03  1138   59582   41880    0    -5.1     2.1     3.8     6.7    34.6   157.5
2022 01 03  1139   59582   41940    0    -5.1     2.5     3.5     6.7    31.2   153.8
2022 01 03  1140   59582   42000    0    -5.2     2.6     3.7     6.9    32.3   153.7
2022 01 03  1141   59582   42060    0    -5.1     2.6     3.6     6.8    31.9   153.0
2022 01 03  1142   59582   42120    0    -5.1     2.6     3.6     6.7    32.4   153.3
2022 01 03  1143   59582   42180    0    -4.9     2.4     3.6     6.6    33.2   153.9
2022 01 03  1144   59582   42240    0    -4.7     1.2     3.7     6.1    37.7   165.9
2022 01 03  1145   59582   42300    0    -4.5     1.5     3.5     5.8    36.2   160.9
2022 01 03  1146   59582   42360    0    -4.4     2.3     2.8     5.7    29.8   151.7
2022 01 03  1147   59582   42420    0    -4.4     2.2     3.0     5.8    31.4   153.2
2022 01 03  1148   59582   42480    0    -4.5     1.9     3.2     5.8    33.5   156.6
2022 01 03  1149   59582   42540    0    -4.5     1.5     3.3     5.8    34.3   161.9
2022 01 03  1150   59582   42600    0    -4.5     0.8     3.3     5.7    35.7   170.1
2022 01 03  1151   59582   42660    0    -4.5     1.5     3.3     5.8    35.2   161.6
2022 01 03  1152   59582   42720    0    -4.4     1.8     3.3     5.8    34.4   157.4
2022 01 03  1153   59582   42780    0    -4.4     1.9     3.3     5.8    34.6   157.0
2022 01 03  1154   59582   42840    0    -4.4     2.1     3.1     5.8    32.3   154.7
2022 01 03  1155   59582   42900    0    -4.3     1.5     3.3     5.6    35.7   160.3
2022 01 03  1156   59582   42960    0    -4.4     1.4     3.4     5.7    36.6   162.5
2022 01 03  1157   59582   43020    0    -4.2     1.0     3.5     5.5    39.0   167.1
2022 01 03  1158   59582   43080    0    -4.2     1.1     3.3     5.5    37.4   165.6
2022 01 03  1159   59582   43140    0    -4.5     2.0     3.0     5.7    31.8   155.9
2022 01 03  1200   59582   43200    0    -4.5     2.0     3.0     5.8    31.3   155.5
2022 01 03  1201   59582   43260    0    -4.5     2.1     2.9     5.8    30.8   155.4
2022 01 03  1202   59582   43320    0    -4.4     2.1     2.9     5.6    30.4   154.7
2022 01 03  1203   59582   43380    0    -4.3     2.0     3.0     5.6    31.7   154.9
2022 01 03  1204   59582   43440    0    -4.4     2.1     3.0     5.7    31.4   154.5
2022 01 03  1205   59582   43500    0    -4.6     2.3     2.6     5.7    27.5   153.7
2022 01 03  1206   59582   43560    0    -4.5     2.3     2.5     5.6    26.6   152.5
2022 01 03  1207   59582   43620    0    -4.4     2.8     2.2     5.6    22.5   147.9
2022 01 03  1208   59582   43680    0    -4.3     2.7     2.1     5.5    22.1   148.0
2022 01 03  1209   59582   43740    0    -4.4     2.4     2.3     5.5    24.9   151.4
2022 01 03  1210   59582   43800    0    -4.3     2.5     2.2     5.4    24.1   150.5
2022 01 03  1211   59582   43860    0    -4.4     3.0     1.3     5.5    13.9   146.0
2022 01 03  1212   59582   43920    0    -4.4     3.2     1.3     5.6    13.0   144.6
2022 01 03  1213   59582   43980    0    -4.4     3.2     1.2     5.6    12.2   144.0
2022 01 03  1214   59582   44040    0    -4.2     2.7     1.9     5.3    20.9   147.7
2022 01 03  1215   59582   44100    0    -3.9     1.7     3.4     5.4    38.2   155.9
2022 01 03  1216   59582   44160    0    -4.1     1.9     3.1     5.5    34.1   155.2
2022 01 03  1217   59582   44220    0    -4.0     2.0     3.0     5.4    34.3   153.6
2022 01 03  1218   59582   44280    0    -4.2     2.2     2.7     5.5    29.9   152.4
2022 01 03  1219   59582   44340    0    -4.2     2.2     2.6     5.4    28.6   152.5
2022 01 03  1220   59582   44400    0    -4.2     2.2     2.5     5.4    27.7   152.3
2022 01 03  1221   59582   44460    9  -999.9  -999.9  -999.9  -999.9  -999.9  -999.9
2022 01 03  1222   59582   44520    9  -999.9  -999.9  -999.9  -999.9  -999.9  -999.9
2022 01 03  1223   59582   44580    9  -999.9  -999.9  -999.9  -999.9  -999.9  -999.9
2022 01 03  1224   59582   44640    0    -4.3     2.1     2.2     5.3    24.7   153.9
2022 01 03  1225   59582   44700    0    -4.4     2.2     2.4     5.5    26.3   153.7
2022 01 03  1226   59582   44760    0    -4.3     2.1     2.8     5.5    30.1   154.1
2022 01 03  1227   59582   44820    0    -4.3     2.0     2.9     5.5    31.9   155.4
2022 01 03  1228   59582   44880    0    -4.6     1.7     2.9     5.7    30.5   160.2
2022 01 03  1229   59582   44940    0    -4.6     1.8     2.7     5.6    29.2   158.2
2022 01 03  1230   59582   45000    0    -4.1     2.3     3.0     5.5    32.4   150.6
2022 01 03  1231   59582   45060    0    -4.0     2.2     2.7     5.3    30.1   151.0
2022 01 03  1232   59582   45120    0    -4.1     2.2     2.5     5.3    28.4   151.6
2022 01 03  1233   59582   45180    0    -4.1     2.3     2.3     5.2    26.7   150.5
2022 01 03  1234   59582   45240    0    -4.2     2.4     2.3     5.3    25.9   150.6
2022 01 03  1235   59582   45300    0    -4.2     2.3     2.2     5.3    25.2   150.8
2022 01 03  1236   59582   45360    0    -4.3     2.3     2.4     5.4    26.1   151.6
2022 01 03  1237   59582   45420    0    -4.4     2.5     2.5     5.7    26.6   150.0
2022 01 03  1238   59582   45480    0    -4.4     2.7     2.4     5.6    24.8   148.4
2022 01 03  1239   59582   45540    0    -4.3     2.4     2.4     5.5    26.4   151.0
2022 01 03  1240   59582   45600    0    -4.3     1.9     2.5     5.4    28.2   155.9
2022 01 03  1241   59582   45660    0    -4.2     2.2     2.3     5.2    26.3   152.4
2022 01 03  1242   59582   45720    0    -4.2     1.9     2.5     5.2    28.5   155.7
2022 01 03  1243   59582   45780    0    -4.4     2.1     2.3     5.4    25.8   154.3
2022 01 03  1244   59582   45840    0    -4.4     2.0     2.4     5.4    26.2   155.3
2022 01 03  1245   59582   45900    0    -4.4     1.7     2.7     5.4    29.7   159.4
2022 01 03  1246   59582   45960    0    -4.4     1.3     2.9     5.4    32.0   163.3
2022 01 03  1247   59582   46020    0    -4.3     1.5     2.9     5.4    32.1   160.4
2022 01 03  1248   59582   46080    0    -4.3     1.9     2.7     5.4    29.7   156.6
2022 01 03  1249   59582   46140    0    -4.3     1.5     2.9     5.4    32.4   161.1
2022 01 03  1250   59582   46200    0    -4.2     1.8     2.9     5.4    32.0   156.8
2022 01 03  1251   59582   46260    0    -4.1     1.4     3.1     5.3    36.1   160.8
2022 01 03  1252   59582   46320    0    -3.4     1.1     3.7     5.2    45.9   161.5
2022 01 03  1253   59582   46380    0    -2.8     0.0     4.3     5.1    56.9   179.2
2022 01 03  1254   59582   46440    0    -2.2    -0.2     4.6     5.1    64.3   185.0
2022 01 03  1255   59582   46500    0    -1.8    -0.3     4.7     5.1    68.9   189.0
2022 01 03  1256   59582   46560    0    -1.1    -0.9     4.8     5.0    73.8   218.7
2022 01 03  1257   59582   46620    0    -1.5    -1.3     4.1     4.6    64.2   219.7
2022 01 03  1258   59582   46680    0    -2.9    -1.8     3.9     5.2    48.7   211.3
2022 01 03  1259   59582   46740    0    -3.5     0.4     3.5     5.0    45.1   174.2
2022 01 03  1300   59582   46800    0    -3.9     1.0     3.2     5.2    38.4   165.9
2022 01 03  1301   59582   46860    0    -3.4     0.3     3.7     5.1    47.4   174.4
2022 01 03  1302   59582   46920    0    -2.9    -0.0     4.1     5.0    55.4   180.4
2022 01 03  1303   59582   46980    0    -3.0     0.5     4.1     5.1    53.6   171.3
2022 01 03  1304   59582   47040    0    -3.3     0.7     3.8     5.1    48.0   168.1
2022 01 03  1305   59582   47100    0    -2.5    -0.1     4.3     5.0    59.1   183.3
2022 01 03  1306   59582   47160    0    -2.9     0.2     4.1     5.1    54.6   176.3
2022 01 03  1307   59582   47220    0    -2.9     0.5     4.0     4.9    53.8   171.1
2022 01 03  1308   59582   47280    0    -2.8     0.5     4.1     4.9    55.4   170.7
2022 01 03  1309   59582   47340    0    -2.4     0.4     4.2     4.8    59.7   169.8
2022 01 03  1310   59582   47400    0    -3.0     0.7     3.7     4.9    50.2   166.7
2022 01 03  1311   59582   47460    0    -3.2     1.0     3.5     4.9    46.9   163.1
2022 01 03  1312   59582   47520    0    -3.1     1.0     3.5     4.8    47.3   162.6
2022 01 03  1313   59582   47580    0    -3.1     1.4     3.4     4.8    45.2   156.1
2022 01 03  1314   59582   47640    0    -3.0     1.2     3.5     4.7    48.0   158.7
2022 01 03  1315   59582   47700    0    -2.9     1.4     3.5     4.7    48.0   154.6
2022 01 03  1316   59582   47760    0    -2.8     1.5     3.5     4.8    48.1   151.7
2022 01 03  1317   59582   47820    0    -3.5     1.6     2.7     4.7    34.7   155.5
2022 01 03  1318   59582   47880    0    -4.2     1.9     1.0     4.7    12.8   156.1
2022 01 03  1319   59582   47940    0    -4.2     1.6     1.0     4.6    11.9   159.2
2022 01 03  1320   59582   48000    0    -3.9     2.2    -0.6     4.5    -7.4   150.5
2022 01 03  1321   59582   48060    0    -2.5     1.2     3.5     4.5    51.3   154.0
2022 01 03  1322   59582   48120    0    -2.7    -0.0     3.7     4.6    53.4   180.4
2022 01 03  1323   59582   48180    0    -2.2     1.8     3.7     4.7    52.3   141.1
2022 01 03  1324   59582   48240    0    -3.5     2.9    -0.4     4.6    -4.8   140.1
2022 01 03  1325   59582   48300    0    -3.8     3.2    -0.9     5.0   -10.3   140.0
2022 01 03  1326   59582   48360    0    -4.5     3.4    -1.7     5.9   -16.6   143.5
2022 01 03  1327   59582   48420    0    -4.3     3.4    -1.8     5.8   -17.9   141.7
2022 01 03  1328   59582   48480    0    -4.3     3.4    -1.5     5.7   -14.8   141.7
2022 01 03  1329   59582   48540    0    -4.0     3.3    -1.0     5.3   -10.3   140.4
2022 01 03  1330   59582   48600    0    -4.1     3.1    -1.3     5.3   -13.8   142.9
2022 01 03  1331   59582   48660    0    -4.4     3.4    -1.0     5.7    -9.7   142.4
2022 01 03  1332   59582   48720    0    -3.8     2.8    -1.7     5.1   -19.7   143.4
2022 01 03  1333   59582   48780    0    -3.1     3.1    -2.3     4.9   -27.8   135.1
2022 01 03  1334   59582   48840    0    -2.3     3.8    -1.1     4.6   -13.3   120.6
2022 01 03  1335   59582   48900    0    -1.9     2.3    -3.8     4.9   -51.8   128.6
2022 01 03  1336   59582   48960    0    -2.9     2.9    -2.1     4.6   -26.9   135.2
2022 01 03  1337   59582   49020    0    -2.4     3.4     0.9     4.2    11.8   125.6
2022 01 03  1338   59582   49080    0    -3.7     2.7    -0.4     4.6    -5.3   143.5
2022 01 03  1339   59582   49140    0    -3.8     2.6    -1.3     4.8   -15.8   145.8
2022 01 03  1340   59582   49200    0    -3.2     3.0    -2.4     5.0   -28.7   136.9
2022 01 03  1341   59582   49260    0    -3.5     2.7    -2.2     4.9   -26.2   142.6
2022 01 03  1342   59582   49320    0    -4.5     2.4    -0.7     5.1    -8.0   151.5
2022 01 03  1343   59582   49380    0    -4.3     2.7    -1.0     5.2   -11.2   148.2
2022 01 03  1344   59582   49440    0    -4.6     2.3    -0.4     5.1    -4.0   153.3
2022 01 03  1345   59582   49500    0    -5.0     1.1     0.9     5.1     9.7   167.6
2022 01 03  1346   59582   49560    0    -5.1     0.5     1.1     5.2    12.1   174.2
2022 01 03  1347   59582   49620    0    -5.3     0.8     0.6     5.4     6.6   171.5
2022 01 03  1348   59582   49680    0    -5.1     1.6     0.2     5.4     1.8   162.4
2022 01 03  1349   59582   49740    0    -5.2     1.1     0.2     5.3     2.3   167.6
2022 01 03  1350   59582   49800    0    -5.2     1.3     0.0     5.4     0.5   166.3
2022 01 03  1351   59582   49860    0    -5.2     1.5     0.4     5.4     4.6   164.0
2022 01 03  1352   59582   49920    0    -5.3     1.8     0.4     5.6     4.5   160.8
2022 01 03  1353   59582   49980    0    -5.1     2.5     0.2     5.7     1.6   154.5
2022 01 03  1354   59582   50040    0    -4.9     2.6     0.1     5.6     1.4   152.5
2022 01 03  1355   59582   50100    0    -4.9     3.0    -0.0     5.7    -0.4   148.4
2022 01 03  1356   59582   50160    0    -4.9     3.1     0.0     5.8     0.0   148.2
2022 01 03  1357   59582   50220    0    -5.0     2.9     0.1     5.8     1.0   150.0
2022 01 03  1358   59582   50280    0    -5.2     2.5     0.2     5.8     1.9   154.4
2022 01 03  1359   59582   50340    0    -5.3     2.1     0.3     5.7     3.0   158.3
2022 01 03  1400   59582   50400    0    -5.5     1.4     0.4     5.7     4.5   165.8
2022 01 03  1401   59582   50460    0    -5.5     1.3     0.6     5.7     5.8   166.7
2022 01 03  1402   59582   50520    0    -5.5     1.2     0.6     5.7     6.4   167.2
2022 01 03  1403   59582   50580    0    -5.6     1.1     0.7     5.7     6.7   168.7
2022 01 03  1404   59582   50640    0    -5.5     1.1     0.7     5.7     7.2   168.9
2022 01 03  1405   59582   50700    0    -5.4     1.2     0.7     5.6     7.5   167.4
2022 01 03  1406   59582   50760    0    -5.5     1.5     0.6     5.7     6.4   165.1
2022 01 03  1407   59582   50820    0    -5.3     1.6     0.6     5.6     6.0   163.7
2022 01 03  1408   59582   50880    0    -5.4     1.3     0.7     5.6     6.8   167.0
2022 01 03  1409   59582   50940    0    -5.5     1.1     0.7     5.6     7.3   169.1
2022 01 03  1410   59582   51000    0    -5.2     2.1    -1.5     5.8   -14.9   158.5
2022 01 03  1411   59582   51060    0    -4.5     2.5    -3.1     6.0   -30.9   150.3
2022 01 03  1412   59582   51120    0    -5.0     2.6    -2.4     6.1   -23.5   152.7
2022 01 03  1413   59582   51180    0    -5.0     2.6    -2.4     6.1   -22.9   152.4
2022 01 03  1414   59582   51240    0    -5.0     2.8    -2.0     6.1   -19.4   150.6
2022 01 03  1415   59582   51300    0    -5.1     2.6    -2.0     6.1   -18.8   152.8
2022 01 03  1416   59582   51360    0    -5.2     2.5    -1.9     6.1   -17.7   154.3
2022 01 03  1417   59582   51420    0    -5.3     2.3    -2.0     6.1   -19.0   156.5
2022 01 03  1418   59582   51480    0    -5.3     2.4    -1.8     6.1   -17.1   155.9
2022 01 03  1419   59582   51540    0    -5.4     2.3    -1.7     6.1   -16.3   156.5
2022 01 03  1420   59582   51600    0    -5.3     2.6    -1.5     6.1   -14.4   153.8
2022 01 03  1421   59582   51660    0    -5.3     2.5    -1.4     6.1   -13.2   154.9
2022 01 03  1422   59582   51720    0    -5.4     2.5    -1.3     6.1   -12.0   154.8
2022 01 03  1423   59582   51780    0    -5.5     2.4    -1.0     6.1    -9.8   156.3
2022 01 03  1424   59582   51840    0    -5.4     2.6    -1.1     6.1   -10.6   154.7
2022 01 03  1425   59582   51900    0    -5.4     2.6    -1.2     6.1   -11.5   154.3
2022 01 03  1426   59582   51960    0    -5.5     2.3    -1.4     6.1   -13.1   157.5
2022 01 03  1427   59582   52020    0    -5.4     2.1    -2.0     6.2   -19.1   158.8
2022 01 03  1428   59582   52080    0    -5.3     2.0    -2.1     6.1   -20.3   159.0
2022 01 03  1429   59582   52140    0    -5.4     2.0    -2.0     6.1   -19.0   159.9
2022 01 03  1430   59582   52200    0    -5.6     1.9    -1.9     6.2   -17.5   160.9
2022 01 03  1431   59582   52260    0    -5.5     1.9    -2.1     6.1   -20.1   161.1
2022 01 03  1432   59582   52320    0    -5.4     1.9    -2.2     6.2   -20.6   160.7
2022 01 03  1433   59582   52380    0    -5.6     1.9    -1.9     6.2   -17.6   161.1
2022 01 03  1434   59582   52440    0    -5.5     1.6    -2.2     6.1   -20.6   163.7
2022 01 03  1435   59582   52500    0    -5.6     1.7    -1.9     6.2   -17.5   163.0
2022 01 03  1436   59582   52560    0    -5.5     1.8    -1.9     6.1   -17.9   161.9
2022 01 03  1437   59582   52620    0    -5.6     2.0    -1.5     6.1   -13.9   160.3
2022 01 03  1438   59582   52680    0    -5.7     1.7    -1.6     6.2   -14.6   163.1
2022 01 03  1439   59582   52740    0    -5.7     1.7    -1.8     6.2   -16.7   163.6
2022 01 03  1440   59582   52800    0    -5.7     1.6    -2.0     6.2   -18.7   163.8
2022 01 03  1441   59582   52860    0    -5.6     1.7    -1.9     6.2   -18.2   162.9
2022 01 03  1442   59582   52920    0    -5.5     1.8    -2.0     6.2   -19.1   161.7
2022 01 03  1443   59582   52980    0    -5.6     1.8    -2.1     6.2   -19.6   162.1
2022 01 03  1444   59582   53040    0    -5.5     1.8    -2.2     6.2   -21.2   162.3
2022 01 03  1445   59582   53100    0    -5.5     1.6    -2.3     6.2   -21.9   164.2
2022 01 03  1446   59582   53160    0    -5.6     1.5    -2.3     6.2   -21.4   165.3
2022 01 03  1447   59582   53220    0    -5.6     1.8    -1.8     6.2   -17.2   162.2
2022 01 03  1448   59582   53280    0    -5.7     1.5    -2.0     6.2   -18.9   165.3
2022 01 03  1449   59582   53340    0    -5.6     1.7    -1.9     6.1   -18.3   163.5
2022 01 03  1450   59582   53400    0    -5.4     2.4    -1.6     6.1   -15.4   156.2
2022 01 03  1451   59582   53460    0    -5.4     2.4    -1.7     6.1   -16.6   156.2
2022 01 03  1452   59582   53520    0    -5.4     2.1    -2.0     6.1   -19.1   159.1
2022 01 03  1453   59582   53580    0    -5.3     2.2    -1.9     6.1   -17.8   157.3
2022 01 03  1454   59582   53640    0    -5.3     2.3    -1.7     6.1   -16.6   157.1
2022 01 03  1455   59582   53700    0    -5.3     2.1    -1.9     6.0   -18.6   158.0
2022 01 03  1456   59582   53760    0    -5.2     2.5    -1.9     6.1   -17.9   154.4
2022 01 03  1457   59582   53820    0    -5.3     2.3    -2.0     6.1   -19.1   156.7
2022 01 03  1458   59582   53880    0    -5.3     2.5    -2.0     6.2   -18.8   154.5
2022 01 03  1459   59582   53940    0    -5.4     2.4    -2.0     6.2   -18.4   155.7
2022 01 03  1500   59582   54000    0    -5.4     2.3    -2.0     6.2   -19.2   156.8
2022 01 03  1501   59582   54060    0    -5.5     2.2    -1.9     6.2   -18.3   158.2
2022 01 03  1502   59582   54120    0    -5.4     2.2    -2.1     6.2   -19.6   157.8
2022 01 03  1503   59582   54180    0    -5.4     2.1    -1.9     6.1   -18.4   158.5
2022 01 03  1504   59582   54240    0    -5.4     2.0    -2.0     6.1   -19.4   160.1
2022 01 03  1505   59582   54300    0    -5.4     1.9    -2.1     6.1   -20.2   160.4
2022 01 03  1506   59582   54360    0    -5.4     1.8    -2.2     6.1   -21.3   161.6
2022 01 03  1507   59582   54420    0    -5.3     2.0    -2.1     6.1   -20.2   159.6
2022 01 03  1508   59582   54480    0    -5.3     1.9    -2.2     6.0   -21.7   160.6
2022 01 03  1509   59582   54540    0    -5.5     2.3    -1.7     6.2   -15.9   157.1
2022 01 03  1510   59582   54600    0    -5.4     2.3    -1.8     6.2   -17.1   156.8
2022 01 03  1511   59582   54660    0    -5.4     2.4    -1.8     6.2   -17.1   156.5
2022 01 03  1512   59582   54720    0    -5.3     2.4    -1.9     6.1   -17.6   156.0
2022 01 03  1513   59582   54780    0    -5.4     2.3    -2.0     6.2   -18.6   156.4
2022 01 03  1514   59582   54840    0    -5.3     2.4    -2.0     6.2   -19.4   156.2
2022 01 03  1515   59582   54900    0    -5.4     2.4    -2.0     6.2   -18.9   156.3
2022 01 03  1516   59582   54960    0    -5.1     2.6    -2.1     6.1   -20.1   153.3
2022 01 03  1517   59582   55020    0    -5.0     2.6    -2.1     6.1   -20.7   152.6
2022 01 03  1518   59582   55080    0    -5.1     2.8    -1.8     6.0   -17.5   151.5
2022 01 03  1519   59582   55140    0    -4.8     2.4    -2.1     5.7   -21.1   153.0
2022 01 03  1520   59582   55200    0    -4.7     2.4    -1.9     5.6   -19.3   153.5
2022 01 03  1521   59582   55260    0    -4.8     2.3    -1.7     5.6   -17.4   155.0
2022 01 03  1522   59582   55320    0    -5.1     2.2    -0.8     5.6    -8.1   156.9
2022 01 03  1523   59582   55380    0    -5.3     2.2    -0.8     5.8    -8.4   157.6
2022 01 03  1524   59582   55440    0    -5.2     1.5     0.4     5.4     4.5   164.5
2022 01 03  1525   59582   55500    0    -5.1     0.6     1.5     5.3    16.1   172.9
2022 01 03  1526   59582   55560    0    -5.1     0.4     1.5     5.4    16.3   175.5
2022 01 03  1527   59582   55620    0    -5.2     0.4     1.8     5.5    19.1   175.1
2022 01 03  1528   59582   55680    0    -5.0     0.7     2.0     5.4    22.0   171.8
2022 01 03  1529   59582   55740    0    -5.3     0.6     1.4     5.5    14.9   173.1
2022 01 03  1530   59582   55800    0    -5.6     0.3     0.5     5.6     5.6   177.2
2022 01 03  1531   59582   55860    0    -5.4     0.3     0.9     5.5     9.4   176.8
2022 01 03  1532   59582   55920    0    -5.4     0.6     0.8     5.5     8.0   173.6
2022 01 03  1533   59582   55980    0    -5.3     0.9     1.0     5.5    10.1   170.3
2022 01 03  1534   59582   56040    0    -4.4     1.1     2.6     5.2    30.2   165.4
2022 01 03  1535   59582   56100    0    -4.6     1.2     2.5     5.4    28.3   164.8
2022 01 03  1536   59582   56160    0    -4.6     1.2     2.5     5.4    27.7   165.4
2022 01 03  1537   59582   56220    0    -4.7     1.1     2.5     5.4    27.2   166.5
2022 01 03  1538   59582   56280    0    -4.7     1.6     2.0     5.4    21.8   161.5
2022 01 03  1539   59582   56340    0    -4.7     1.4     2.2     5.3    24.4   162.9
2022 01 03  1540   59582   56400    0    -4.6     1.4     2.4     5.3    26.9   162.8
2022 01 03  1541   59582   56460    0    -4.5     1.4     2.4     5.3    26.9   162.9
2022 01 03  1542   59582   56520    0    -4.7     1.4     2.2     5.4    24.7   163.0
2022 01 03  1543   59582   56580    0    -4.8     1.5     2.1     5.4    22.5   163.0
2022 01 03  1544   59582   56640    0    -4.7     1.2     2.1     5.3    23.8   165.5
2022 01 03  1545   59582   56700    0    -4.6     0.9     2.5     5.4    28.0   168.6
2022 01 03  1546   59582   56760    0    -4.7     1.1     2.4     5.4    26.9   167.1
2022 01 03  1547   59582   56820    0    -4.7     1.1     2.5     5.4    27.6   166.7
2022 01 03  1548   59582   56880    0    -4.7     1.4     2.1     5.3    23.5   162.8
2022 01 03  1549   59582   56940    0    -4.7     1.6     1.7     5.2    18.7   161.1
2022 01 03  1550   59582   57000    9  -999.9  -999.9  -999.9  -999.9  -999.9  -999.9
2022 01 03  1551   59582   57060    9  -999.9  -999.9  -999.9  -999.9  -999.9  -999.9
2022 01 03  1552   59582   57120    9  -999.9  -999.9  -999.9  -999.9  -999.9  -999.9
2022 01 03  1553   59582   57180    9  -999.9  -999.9  -999.9  -999.9  -999.9  -999.9
2022 01 03  1554   59582   57240    9  -999.9  -999.9  -999.9  -999.9  -999.9  -999.9
2022 01 03  1555   59582   57300    9  -999.9  -999.9  -999.9  -999.9  -999.9  -999.9
2022 01 03  1556   59582   57360    9  -999.9  -999.9  -999.9  -999.9  -999.9  -999.9
2022 01 03  1557   59582   57420    9  -999.9  -999.9  -999.9  -999.9  -999.9  -999.9
2022 01 03  1558   59582   57480    9  -999.9  -999.9  -999.9  -999.9  -999.9  -999.9
2022 01 03  1559   59582   57540    9  -999.9  -999.9  -999.9  -999.9  -999.9  -999.9
2022 01 03  1600   59582   57600    9  -999.9  -999.9  -999.9  -999.9  -999.9  -999.9
2022 01 03  1601   59582   57660    9  -999.9  -999.9  -999.9  -999.9  -999.9  -999.9
2022 01 03  1602   59582   57720    9  -999.9  -999.9  -999.9  -999.9  -999.9  -999.9
2022 01 03  1603   59582   57780    9  -999.9  -999.9  -999.9  -999.9  -999.9  -999.9
2022 01 03  1604   59582   57840    9  -999.9  -999.9  -999.9  -999.9  -999.9  -999.9
2022 01 03  1605   59582   57900    9  -999.9  -999.9  -999.9  -999.9  -999.9  -999.9
2022 01 03  1606   59582   57960    9  -999.9  -999.9  -999.9  -999.9  -999.9  -999.9
2022 01 03  1607   59582   58020    9  -999.9  -999.9  -999.9  -999.9  -999.9  -999.9
2022 01 03  1608   59582   58080    9  -999.9  -999.9  -999.9  -999.9  -999.9  -999.9
2022 01 03  1609   59582   58140    0    -3.7     3.9    -1.3     5.5   -14.1   133.8
2022 01 03  1610   59582   58200    0    -4.9     2.8    -0.1     5.6    -1.4   150.5
2022 01 03  1611   59582   58260    0    -4.5     3.2    -1.2     5.7   -11.7   144.6
2022 01 03  1612   59582   58320    0    -4.5     3.3    -1.2     5.7   -11.8   144.1
2022 01 03  1613   59582   58380    0    -4.5     3.3    -1.1     5.7   -11.2   143.7
2022 01 03  1614   59582   58440    0    -4.5     3.3    -1.0     5.7   -10.0   143.5
2022 01 03  1615   59582   58500    0    -4.1     3.5    -1.3     5.6   -13.6   140.0
2022 01 03  1616   59582   58560    0    -4.2     3.4    -1.0     5.5   -11.0   141.2
2022 01 03  1617   59582   58620    0    -4.4     3.1    -0.8     5.5    -8.3   144.9
2022 01 03  1618   59582   58680    0    -4.8     2.8    -1.0     5.6   -10.2   149.9
2022 01 03  1619   59582   58740    0    -4.8     2.7    -1.1     5.6   -11.1   150.1
2022 01 03  1620   59582   58800    0    -4.7     2.7    -1.2     5.6   -12.8   149.7
2022 01 03  1621   59582   58860    0    -4.7     2.7    -1.1     5.6   -11.9   150.7
2022 01 03  1622   59582   58920    9  -999.9  -999.9  -999.9  -999.9  -999.9  -999.9
2022 01 03  1623   59582   58980    9  -999.9  -999.9  -999.9  -999.9  -999.9  -999.9
2022 01 03  1624   59582   59040    9  -999.9  -999.9  -999.9  -999.9  -999.9  -999.9
2022 01 03  1625   59582   59100    9  -999.9  -999.9  -999.9  -999.9  -999.9  -999.9
2022 01 03  1626   59582   59160    9  -999.9  -999.9  -999.9  -999.9  -999.9  -999.9
2022 01 03  1627   59582   59220    9  -999.9  -999.9  -999.9  -999.9  -999.9  -999.9
2022 01 03  1628   59582   59280    9  -999.9  -999.9  -999.9  -999.9  -999.9  -999.9
2022 01 03  1629   59582   59340    9  -999.9  -999.9  -999.9  -999.9  -999.9  -999.9
2022 01 03  1630   59582   59400    9  -999.9  -999.9  -999.9  -999.9  -999.9  -999.9
2022 01 03  1631   59582   59460    9  -999.9  -999.9  -999.9  -999.9  -999.9  -999.9
2022 01 03  1632   59582   59520    9  -999.9  -999.9  -999.9  -999.9  -999.9  -999.9
2022 01 03  1633   59582   59580    9  -999.9  -999.9  -999.9  -999.9  -999.9  -999.9
2022 01 03  1634   59582   59640    9  -999.9  -999.9  -999.9  -999.9  -999.9  -999.9
2022 01 03  1635   59582   59700    9  -999.9  -999.9  -999.9  -999.9  -999.9  -999.9
2022 01 03  1636   59582   59760    9  -999.9  -999.9  -999.9  -999.9  -999.9  -999.9
2022 01 03  1637   59582   59820    9  -999.9  -999.9  -999.9  -999.9  -999.9  -999.9
2022 01 03  1638   59582   59880    9  -999.9  -999.9  -999.9  -999.9  -999.9  -999.9
2022 01 03  1639   59582   59940    0    -4.6     2.5    -1.8     5.6   -19.2   151.4
2022 01 03  1640   59582   60000    0    -4.7     2.8    -1.7     5.7   -16.8   149.2
2022 01 03  1641   59582   60060    0    -4.7     3.1    -1.5     5.8   -14.8   146.3
2022 01 03  1642   59582   60120    0    -4.9     2.4    -2.0     5.9   -19.5   153.7
2022 01 03  1643   59582   60180    0    -5.1     2.2    -2.0     5.9   -19.6   156.7
2022 01 03  1644   59582   60240    0    -4.5     3.2    -1.7     5.8   -17.4   144.8
2022 01 03  1645   59582   60300    0    -4.5     3.3    -2.0     5.9   -19.4   143.3
2022 01 03  1646   59582   60360    0    -4.5     3.2    -2.2     5.9   -21.4   144.0
2022 01 03  1647   59582   60420    0    -4.4     3.4    -2.0     5.9   -19.9   141.9
2022 01 03  1648   59582   60480    0    -4.5     3.0    -2.2     5.8   -22.1   146.4
2022 01 03  1649   59582   60540    0    -4.5     2.6    -2.7     5.9   -27.3   150.1
2022 01 03  1650   59582   60600    0    -4.7     2.3    -2.7     5.9   -27.0   153.9
2022 01 03  1651   59582   60660    0    -4.6     1.9    -2.6     5.6   -27.1   157.6
2022 01 03  1652   59582   60720    0    -4.6     2.0    -2.4     5.6   -25.7   156.2
2022 01 03  1653   59582   60780    0    -4.6     2.2    -2.3     5.6   -24.5   154.4
2022 01 03  1654   59582   60840    0    -4.5     2.3    -2.5     5.6   -26.8   152.6
2022 01 03  1655   59582   60900    0    -4.6     2.0    -2.7     5.7   -27.9   156.3
2022 01 03  1656   59582   60960    0    -4.6     2.1    -2.7     5.7   -28.8   155.4
2022 01 03  1657   59582   61020    0    -4.6     2.3    -2.5     5.8   -26.0   153.0
2022 01 03  1658   59582   61080    0    -4.5     2.4    -2.7     5.8   -27.6   151.7
2022 01 03  1659   59582   61140    9  -999.9  -999.9  -999.9  -999.9  -999.9  -999.9
