:Data_list: 20220111_ace_swepam_1m.txt
:Created: 2022 Jan 11 1701 UT
# Prepared by the U.S. Dept. of Commerce, NOAA, Space Weather Prediction Center
# Please send comments and suggestions to SWPC.Webmaster@noaa.gov 
# 
# Units: Proton density p/cc
# Units: Bulk speed km/s
# Units: Ion tempeture degrees K
# Status(S): 0 = nominal data, 1 to 8 = bad data record, 9 = no data
# Missing data values: Density and Speed = -9999.9, Temp. = -1.00e+05
# Source: ACE Satellite - Solar Wind Electron Proton Alpha Monitor
#
#   1-minute averaged Real-time Bulk Parameters of the Solar Wind Plasma
# 
#                Modified Seconds   -------------  Solar Wind  -----------
# UT Date   Time  Julian  of the          Proton      Bulk         Ion
# YR MO DA  HHMM    Day     Day     S    Density     Speed     Temperature
#-------------------------------------------------------------------------
2022 01 11  0000   59590       0    0        5.1      396.5     4.44e+04
2022 01 11  0001   59590      60    0        5.3      395.8     4.70e+04
2022 01 11  0002   59590     120    0        5.1      398.8     3.94e+04
2022 01 11  0003   59590     180    0        5.1      398.3     4.50e+04
2022 01 11  0004   59590     240    0        5.3      395.0     3.78e+04
2022 01 11  0005   59590     300    0        5.9      396.2     3.97e+04
2022 01 11  0006   59590     360    0        5.3      407.1     1.37e+05
2022 01 11  0007   59590     420    0        5.2      409.3     1.56e+05
2022 01 11  0008   59590     480    9    -9999.9    -9999.9    -1.00e+05
2022 01 11  0009   59590     540    9    -9999.9    -9999.9    -1.00e+05
2022 01 11  0010   59590     600    9    -9999.9    -9999.9    -1.00e+05
2022 01 11  0011   59590     660    9    -9999.9    -9999.9    -1.00e+05
2022 01 11  0012   59590     720    9    -9999.9    -9999.9    -1.00e+05
2022 01 11  0013   59590     780    9    -9999.9    -9999.9    -1.00e+05
2022 01 11  0014   59590     840    9    -9999.9    -9999.9    -1.00e+05
2022 01 11  0015   59590     900    9    -9999.9    -9999.9    -1.00e+05
2022 01 11  0016   59590     960    9    -9999.9    -9999.9    -1.00e+05
2022 01 11  0017   59590    1020    9    -9999.9    -9999.9    -1.00e+05
2022 01 11  0018   59590    1080    9    -9999.9    -9999.9    -1.00e+05
2022 01 11  0019   59590    1140    9    -9999.9    -9999.9    -1.00e+05
2022 01 11  0020   59590    1200    9    -9999.9    -9999.9    -1.00e+05
2022 01 11  0021   59590    1260    9    -9999.9    -9999.9    -1.00e+05
2022 01 11  0022   59590    1320    9    -9999.9    -9999.9    -1.00e+05
2022 01 11  0023   59590    1380    9    -9999.9    -9999.9    -1.00e+05
2022 01 11  0024   59590    1440    9    -9999.9    -9999.9    -1.00e+05
2022 01 11  0025   59590    1500    9    -9999.9    -9999.9    -1.00e+05
2022 01 11  0026   59590    1560    9    -9999.9    -9999.9    -1.00e+05
2022 01 11  0027   59590    1620    9    -9999.9    -9999.9    -1.00e+05
2022 01 11  0028   59590    1680    9    -9999.9    -9999.9    -1.00e+05
2022 01 11  0029   59590    1740    9    -9999.9    -9999.9    -1.00e+05
2022 01 11  0030   59590    1800    9    -9999.9    -9999.9    -1.00e+05
2022 01 11  0031   59590    1860    9    -9999.9    -9999.9    -1.00e+05
2022 01 11  0032   59590    1920    9    -9999.9    -9999.9    -1.00e+05
2022 01 11  0033   59590    1980    9    -9999.9    -9999.9    -1.00e+05
2022 01 11  0034   59590    2040    9    -9999.9    -9999.9    -1.00e+05
2022 01 11  0035   59590    2100    9    -9999.9    -9999.9    -1.00e+05
2022 01 11  0036   59590    2160    9    -9999.9    -9999.9    -1.00e+05
2022 01 11  0037   59590    2220    9    -9999.9    -9999.9    -1.00e+05
2022 01 11  0038   59590    2280    9    -9999.9    -9999.9    -1.00e+05
2022 01 11  0039   59590    2340    9    -9999.9    -9999.9    -1.00e+05
2022 01 11  0040   59590    2400    9    -9999.9    -9999.9    -1.00e+05
2022 01 11  0041   59590    2460    9    -9999.9    -9999.9    -1.00e+05
2022 01 11  0042   59590    2520    9    -9999.9    -9999.9    -1.00e+05
2022 01 11  0043   59590    2580    9    -9999.9    -9999.9    -1.00e+05
2022 01 11  0044   59590    2640    9    -9999.9    -9999.9    -1.00e+05
2022 01 11  0045   59590    2700    9    -9999.9    -9999.9    -1.00e+05
2022 01 11  0046   59590    2760    9    -9999.9    -9999.9    -1.00e+05
2022 01 11  0047   59590    2820    9    -9999.9    -9999.9    -1.00e+05
2022 01 11  0048   59590    2880    9    -9999.9    -9999.9    -1.00e+05
2022 01 11  0049   59590    2940    9    -9999.9    -9999.9    -1.00e+05
2022 01 11  0050   59590    3000    9    -9999.9    -9999.9    -1.00e+05
2022 01 11  0051   59590    3060    9    -9999.9    -9999.9    -1.00e+05
2022 01 11  0052   59590    3120    9    -9999.9    -9999.9    -1.00e+05
2022 01 11  0053   59590    3180    9    -9999.9    -9999.9    -1.00e+05
2022 01 11  0054   59590    3240    9    -9999.9    -9999.9    -1.00e+05
2022 01 11  0055   59590    3300    9    -9999.9    -9999.9    -1.00e+05
2022 01 11  0056   59590    3360    9    -9999.9    -9999.9    -1.00e+05
2022 01 11  0057   59590    3420    9    -9999.9    -9999.9    -1.00e+05
2022 01 11  0058   59590    3480    9    -9999.9    -9999.9    -1.00e+05
2022 01 11  0059   59590    3540    9    -9999.9    -9999.9    -1.00e+05
2022 01 11  0100   59590    3600    9    -9999.9    -9999.9    -1.00e+05
2022 01 11  0101   59590    3660    9    -9999.9    -9999.9    -1.00e+05
2022 01 11  0102   59590    3720    9    -9999.9    -9999.9    -1.00e+05
2022 01 11  0103   59590    3780    9    -9999.9    -9999.9    -1.00e+05
2022 01 11  0104   59590    3840    9    -9999.9    -9999.9    -1.00e+05
2022 01 11  0105   59590    3900    9    -9999.9    -9999.9    -1.00e+05
2022 01 11  0106   59590    3960    9    -9999.9    -9999.9    -1.00e+05
2022 01 11  0107   59590    4020    9    -9999.9    -9999.9    -1.00e+05
2022 01 11  0108   59590    4080    9    -9999.9    -9999.9    -1.00e+05
2022 01 11  0109   59590    4140    9    -9999.9    -9999.9    -1.00e+05
2022 01 11  0110   59590    4200    9    -9999.9    -9999.9    -1.00e+05
2022 01 11  0111   59590    4260    9    -9999.9    -9999.9    -1.00e+05
2022 01 11  0112   59590    4320    9    -9999.9    -9999.9    -1.00e+05
2022 01 11  0113   59590    4380    9    -9999.9    -9999.9    -1.00e+05
2022 01 11  0114   59590    4440    9    -9999.9    -9999.9    -1.00e+05
2022 01 11  0115   59590    4500    9    -9999.9    -9999.9    -1.00e+05
2022 01 11  0116   59590    4560    9    -9999.9    -9999.9    -1.00e+05
2022 01 11  0117   59590    4620    9    -9999.9    -9999.9    -1.00e+05
2022 01 11  0118   59590    4680    9    -9999.9    -9999.9    -1.00e+05
2022 01 11  0119   59590    4740    9    -9999.9    -9999.9    -1.00e+05
2022 01 11  0120   59590    4800    9    -9999.9    -9999.9    -1.00e+05
2022 01 11  0121   59590    4860    9    -9999.9    -9999.9    -1.00e+05
2022 01 11  0122   59590    4920    9    -9999.9    -9999.9    -1.00e+05
2022 01 11  0123   59590    4980    9    -9999.9    -9999.9    -1.00e+05
2022 01 11  0124   59590    5040    9    -9999.9    -9999.9    -1.00e+05
2022 01 11  0125   59590    5100    9    -9999.9    -9999.9    -1.00e+05
2022 01 11  0126   59590    5160    9    -9999.9    -9999.9    -1.00e+05
2022 01 11  0127   59590    5220    9    -9999.9    -9999.9    -1.00e+05
2022 01 11  0128   59590    5280    9    -9999.9    -9999.9    -1.00e+05
2022 01 11  0129   59590    5340    9    -9999.9    -9999.9    -1.00e+05
2022 01 11  0130   59590    5400    9    -9999.9    -9999.9    -1.00e+05
2022 01 11  0131   59590    5460    9    -9999.9    -9999.9    -1.00e+05
2022 01 11  0132   59590    5520    9    -9999.9    -9999.9    -1.00e+05
2022 01 11  0133   59590    5580    9    -9999.9    -9999.9    -1.00e+05
2022 01 11  0134   59590    5640    9    -9999.9    -9999.9    -1.00e+05
2022 01 11  0135   59590    5700    9    -9999.9    -9999.9    -1.00e+05
2022 01 11  0136   59590    5760    9    -9999.9    -9999.9    -1.00e+05
2022 01 11  0137   59590    5820    9    -9999.9    -9999.9    -1.00e+05
2022 01 11  0138   59590    5880    9    -9999.9    -9999.9    -1.00e+05
2022 01 11  0139   59590    5940    9    -9999.9    -9999.9    -1.00e+05
2022 01 11  0140   59590    6000    9    -9999.9    -9999.9    -1.00e+05
2022 01 11  0141   59590    6060    9    -9999.9    -9999.9    -1.00e+05
2022 01 11  0142   59590    6120    9    -9999.9    -9999.9    -1.00e+05
2022 01 11  0143   59590    6180    9    -9999.9    -9999.9    -1.00e+05
2022 01 11  0144   59590    6240    9    -9999.9    -9999.9    -1.00e+05
2022 01 11  0145   59590    6300    9    -9999.9    -9999.9    -1.00e+05
2022 01 11  0146   59590    6360    9    -9999.9    -9999.9    -1.00e+05
2022 01 11  0147   59590    6420    9    -9999.9    -9999.9    -1.00e+05
2022 01 11  0148   59590    6480    9    -9999.9    -9999.9    -1.00e+05
2022 01 11  0149   59590    6540    9    -9999.9    -9999.9    -1.00e+05
2022 01 11  0150   59590    6600    9    -9999.9    -9999.9    -1.00e+05
2022 01 11  0151   59590    6660    9    -9999.9    -9999.9    -1.00e+05
2022 01 11  0152   59590    6720    9    -9999.9    -9999.9    -1.00e+05
2022 01 11  0153   59590    6780    9    -9999.9    -9999.9    -1.00e+05
2022 01 11  0154   59590    6840    9    -9999.9    -9999.9    -1.00e+05
2022 01 11  0155   59590    6900    9    -9999.9    -9999.9    -1.00e+05
2022 01 11  0156   59590    6960    9    -9999.9    -9999.9    -1.00e+05
2022 01 11  0157   59590    7020    9    -9999.9    -9999.9    -1.00e+05
2022 01 11  0158   59590    7080    9    -9999.9    -9999.9    -1.00e+05
2022 01 11  0159   59590    7140    9    -9999.9    -9999.9    -1.00e+05
2022 01 11  0200   59590    7200    9    -9999.9    -9999.9    -1.00e+05
2022 01 11  0201   59590    7260    9    -9999.9    -9999.9    -1.00e+05
2022 01 11  0202   59590    7320    9    -9999.9    -9999.9    -1.00e+05
2022 01 11  0203   59590    7380    9    -9999.9    -9999.9    -1.00e+05
2022 01 11  0204   59590    7440    9    -9999.9    -9999.9    -1.00e+05
2022 01 11  0205   59590    7500    9    -9999.9    -9999.9    -1.00e+05
2022 01 11  0206   59590    7560    9    -9999.9    -9999.9    -1.00e+05
2022 01 11  0207   59590    7620    9    -9999.9    -9999.9    -1.00e+05
2022 01 11  0208   59590    7680    9    -9999.9    -9999.9    -1.00e+05
2022 01 11  0209   59590    7740    9    -9999.9    -9999.9    -1.00e+05
2022 01 11  0210   59590    7800    9    -9999.9    -9999.9    -1.00e+05
2022 01 11  0211   59590    7860    9    -9999.9    -9999.9    -1.00e+05
2022 01 11  0212   59590    7920    9    -9999.9    -9999.9    -1.00e+05
2022 01 11  0213   59590    7980    9    -9999.9    -9999.9    -1.00e+05
2022 01 11  0214   59590    8040    9    -9999.9    -9999.9    -1.00e+05
2022 01 11  0215   59590    8100    9    -9999.9    -9999.9    -1.00e+05
2022 01 11  0216   59590    8160    9    -9999.9    -9999.9    -1.00e+05
2022 01 11  0217   59590    8220    9    -9999.9    -9999.9    -1.00e+05
2022 01 11  0218   59590    8280    9    -9999.9    -9999.9    -1.00e+05
2022 01 11  0219   59590    8340    9    -9999.9    -9999.9    -1.00e+05
2022 01 11  0220   59590    8400    9    -9999.9    -9999.9    -1.00e+05
2022 01 11  0221   59590    8460    9    -9999.9    -9999.9    -1.00e+05
2022 01 11  0222   59590    8520    9    -9999.9    -9999.9    -1.00e+05
2022 01 11  0223   59590    8580    9    -9999.9    -9999.9    -1.00e+05
2022 01 11  0224   59590    8640    9    -9999.9    -9999.9    -1.00e+05
2022 01 11  0225   59590    8700    9    -9999.9    -9999.9    -1.00e+05
2022 01 11  0226   59590    8760    9    -9999.9    -9999.9    -1.00e+05
2022 01 11  0227   59590    8820    9    -9999.9    -9999.9    -1.00e+05
2022 01 11  0228   59590    8880    9    -9999.9    -9999.9    -1.00e+05
2022 01 11  0229   59590    8940    9    -9999.9    -9999.9    -1.00e+05
2022 01 11  0230   59590    9000    9    -9999.9    -9999.9    -1.00e+05
2022 01 11  0231   59590    9060    9    -9999.9    -9999.9    -1.00e+05
2022 01 11  0232   59590    9120    9    -9999.9    -9999.9    -1.00e+05
2022 01 11  0233   59590    9180    9    -9999.9    -9999.9    -1.00e+05
2022 01 11  0234   59590    9240    9    -9999.9    -9999.9    -1.00e+05
2022 01 11  0235   59590    9300    9    -9999.9    -9999.9    -1.00e+05
2022 01 11  0236   59590    9360    9    -9999.9    -9999.9    -1.00e+05
2022 01 11  0237   59590    9420    9    -9999.9    -9999.9    -1.00e+05
2022 01 11  0238   59590    9480    9    -9999.9    -9999.9    -1.00e+05
2022 01 11  0239   59590    9540    9    -9999.9    -9999.9    -1.00e+05
2022 01 11  0240   59590    9600    9    -9999.9    -9999.9    -1.00e+05
2022 01 11  0241   59590    9660    9    -9999.9    -9999.9    -1.00e+05
2022 01 11  0242   59590    9720    9    -9999.9    -9999.9    -1.00e+05
2022 01 11  0243   59590    9780    9    -9999.9    -9999.9    -1.00e+05
2022 01 11  0244   59590    9840    9    -9999.9    -9999.9    -1.00e+05
2022 01 11  0245   59590    9900    9    -9999.9    -9999.9    -1.00e+05
2022 01 11  0246   59590    9960    9    -9999.9    -9999.9    -1.00e+05
2022 01 11  0247   59590   10020    9    -9999.9    -9999.9    -1.00e+05
2022 01 11  0248   59590   10080    9    -9999.9    -9999.9    -1.00e+05
2022 01 11  0249   59590   10140    9    -9999.9    -9999.9    -1.00e+05
2022 01 11  0250   59590   10200    9    -9999.9    -9999.9    -1.00e+05
2022 01 11  0251   59590   10260    9    -9999.9    -9999.9    -1.00e+05
2022 01 11  0252   59590   10320    9    -9999.9    -9999.9    -1.00e+05
2022 01 11  0253   59590   10380    9    -9999.9    -9999.9    -1.00e+05
2022 01 11  0254   59590   10440    9    -9999.9    -9999.9    -1.00e+05
2022 01 11  0255   59590   10500    9    -9999.9    -9999.9    -1.00e+05
2022 01 11  0256   59590   10560    9    -9999.9    -9999.9    -1.00e+05
2022 01 11  0257   59590   10620    9    -9999.9    -9999.9    -1.00e+05
2022 01 11  0258   59590   10680    9    -9999.9    -9999.9    -1.00e+05
2022 01 11  0259   59590   10740    9    -9999.9    -9999.9    -1.00e+05
2022 01 11  0300   59590   10800    9    -9999.9    -9999.9    -1.00e+05
2022 01 11  0301   59590   10860    9    -9999.9    -9999.9    -1.00e+05
2022 01 11  0302   59590   10920    9    -9999.9    -9999.9    -1.00e+05
2022 01 11  0303   59590   10980    9    -9999.9    -9999.9    -1.00e+05
2022 01 11  0304   59590   11040    9    -9999.9    -9999.9    -1.00e+05
2022 01 11  0305   59590   11100    9    -9999.9    -9999.9    -1.00e+05
2022 01 11  0306   59590   11160    9    -9999.9    -9999.9    -1.00e+05
2022 01 11  0307   59590   11220    9    -9999.9    -9999.9    -1.00e+05
2022 01 11  0308   59590   11280    9    -9999.9    -9999.9    -1.00e+05
2022 01 11  0309   59590   11340    9    -9999.9    -9999.9    -1.00e+05
2022 01 11  0310   59590   11400    9    -9999.9    -9999.9    -1.00e+05
2022 01 11  0311   59590   11460    9    -9999.9    -9999.9    -1.00e+05
2022 01 11  0312   59590   11520    9    -9999.9    -9999.9    -1.00e+05
2022 01 11  0313   59590   11580    9    -9999.9    -9999.9    -1.00e+05
2022 01 11  0314   59590   11640    9    -9999.9    -9999.9    -1.00e+05
2022 01 11  0315   59590   11700    9    -9999.9    -9999.9    -1.00e+05
2022 01 11  0316   59590   11760    9    -9999.9    -9999.9    -1.00e+05
2022 01 11  0317   59590   11820    9    -9999.9    -9999.9    -1.00e+05
2022 01 11  0318   59590   11880    9    -9999.9    -9999.9    -1.00e+05
2022 01 11  0319   59590   11940    9    -9999.9    -9999.9    -1.00e+05
2022 01 11  0320   59590   12000    9    -9999.9    -9999.9    -1.00e+05
2022 01 11  0321   59590   12060    9    -9999.9    -9999.9    -1.00e+05
2022 01 11  0322   59590   12120    9    -9999.9    -9999.9    -1.00e+05
2022 01 11  0323   59590   12180    9    -9999.9    -9999.9    -1.00e+05
2022 01 11  0324   59590   12240    9    -9999.9    -9999.9    -1.00e+05
2022 01 11  0325   59590   12300    9    -9999.9    -9999.9    -1.00e+05
2022 01 11  0326   59590   12360    9    -9999.9    -9999.9    -1.00e+05
2022 01 11  0327   59590   12420    9    -9999.9    -9999.9    -1.00e+05
2022 01 11  0328   59590   12480    9    -9999.9    -9999.9    -1.00e+05
2022 01 11  0329   59590   12540    9    -9999.9    -9999.9    -1.00e+05
2022 01 11  0330   59590   12600    9    -9999.9    -9999.9    -1.00e+05
2022 01 11  0331   59590   12660    9    -9999.9    -9999.9    -1.00e+05
2022 01 11  0332   59590   12720    9    -9999.9    -9999.9    -1.00e+05
2022 01 11  0333   59590   12780    9    -9999.9    -9999.9    -1.00e+05
2022 01 11  0334   59590   12840    9    -9999.9    -9999.9    -1.00e+05
2022 01 11  0335   59590   12900    9    -9999.9    -9999.9    -1.00e+05
2022 01 11  0336   59590   12960    9    -9999.9    -9999.9    -1.00e+05
2022 01 11  0337   59590   13020    9    -9999.9    -9999.9    -1.00e+05
2022 01 11  0338   59590   13080    9    -9999.9    -9999.9    -1.00e+05
2022 01 11  0339   59590   13140    9    -9999.9    -9999.9    -1.00e+05
2022 01 11  0340   59590   13200    9    -9999.9    -9999.9    -1.00e+05
2022 01 11  0341   59590   13260    9    -9999.9    -9999.9    -1.00e+05
2022 01 11  0342   59590   13320    9    -9999.9    -9999.9    -1.00e+05
2022 01 11  0343   59590   13380    9    -9999.9    -9999.9    -1.00e+05
2022 01 11  0344   59590   13440    9    -9999.9    -9999.9    -1.00e+05
2022 01 11  0345   59590   13500    9    -9999.9    -9999.9    -1.00e+05
2022 01 11  0346   59590   13560    9    -9999.9    -9999.9    -1.00e+05
2022 01 11  0347   59590   13620    9    -9999.9    -9999.9    -1.00e+05
2022 01 11  0348   59590   13680    9    -9999.9    -9999.9    -1.00e+05
2022 01 11  0349   59590   13740    9    -9999.9    -9999.9    -1.00e+05
2022 01 11  0350   59590   13800    9    -9999.9    -9999.9    -1.00e+05
2022 01 11  0351   59590   13860    9    -9999.9    -9999.9    -1.00e+05
2022 01 11  0352   59590   13920    9    -9999.9    -9999.9    -1.00e+05
2022 01 11  0353   59590   13980    9    -9999.9    -9999.9    -1.00e+05
2022 01 11  0354   59590   14040    9    -9999.9    -9999.9    -1.00e+05
2022 01 11  0355   59590   14100    9    -9999.9    -9999.9    -1.00e+05
2022 01 11  0356   59590   14160    9    -9999.9    -9999.9    -1.00e+05
2022 01 11  0357   59590   14220    9    -9999.9    -9999.9    -1.00e+05
2022 01 11  0358   59590   14280    9    -9999.9    -9999.9    -1.00e+05
2022 01 11  0359   59590   14340    9    -9999.9    -9999.9    -1.00e+05
2022 01 11  0400   59590   14400    9    -9999.9    -9999.9    -1.00e+05
2022 01 11  0401   59590   14460    9    -9999.9    -9999.9    -1.00e+05
2022 01 11  0402   59590   14520    9    -9999.9    -9999.9    -1.00e+05
2022 01 11  0403   59590   14580    9    -9999.9    -9999.9    -1.00e+05
2022 01 11  0404   59590   14640    9    -9999.9    -9999.9    -1.00e+05
2022 01 11  0405   59590   14700    9    -9999.9    -9999.9    -1.00e+05
2022 01 11  0406   59590   14760    9    -9999.9    -9999.9    -1.00e+05
2022 01 11  0407   59590   14820    9    -9999.9    -9999.9    -1.00e+05
2022 01 11  0408   59590   14880    9    -9999.9    -9999.9    -1.00e+05
2022 01 11  0409   59590   14940    9    -9999.9    -9999.9    -1.00e+05
2022 01 11  0410   59590   15000    9    -9999.9    -9999.9    -1.00e+05
2022 01 11  0411   59590   15060    9    -9999.9    -9999.9    -1.00e+05
2022 01 11  0412   59590   15120    9    -9999.9    -9999.9    -1.00e+05
2022 01 11  0413   59590   15180    9    -9999.9    -9999.9    -1.00e+05
2022 01 11  0414   59590   15240    9    -9999.9    -9999.9    -1.00e+05
2022 01 11  0415   59590   15300    9    -9999.9    -9999.9    -1.00e+05
2022 01 11  0416   59590   15360    9    -9999.9    -9999.9    -1.00e+05
2022 01 11  0417   59590   15420    9    -9999.9    -9999.9    -1.00e+05
2022 01 11  0418   59590   15480    9    -9999.9    -9999.9    -1.00e+05
2022 01 11  0419   59590   15540    9    -9999.9    -9999.9    -1.00e+05
2022 01 11  0420   59590   15600    9    -9999.9    -9999.9    -1.00e+05
2022 01 11  0421   59590   15660    9    -9999.9    -9999.9    -1.00e+05
2022 01 11  0422   59590   15720    9    -9999.9    -9999.9    -1.00e+05
2022 01 11  0423   59590   15780    9    -9999.9    -9999.9    -1.00e+05
2022 01 11  0424   59590   15840    9    -9999.9    -9999.9    -1.00e+05
2022 01 11  0425   59590   15900    9    -9999.9    -9999.9    -1.00e+05
2022 01 11  0426   59590   15960    9    -9999.9    -9999.9    -1.00e+05
2022 01 11  0427   59590   16020    9    -9999.9    -9999.9    -1.00e+05
2022 01 11  0428   59590   16080    9    -9999.9    -9999.9    -1.00e+05
2022 01 11  0429   59590   16140    9    -9999.9    -9999.9    -1.00e+05
2022 01 11  0430   59590   16200    9    -9999.9    -9999.9    -1.00e+05
2022 01 11  0431   59590   16260    9    -9999.9    -9999.9    -1.00e+05
2022 01 11  0432   59590   16320    9    -9999.9    -9999.9    -1.00e+05
2022 01 11  0433   59590   16380    9    -9999.9    -9999.9    -1.00e+05
2022 01 11  0434   59590   16440    9    -9999.9    -9999.9    -1.00e+05
2022 01 11  0435   59590   16500    9    -9999.9    -9999.9    -1.00e+05
2022 01 11  0436   59590   16560    9    -9999.9    -9999.9    -1.00e+05
2022 01 11  0437   59590   16620    9    -9999.9    -9999.9    -1.00e+05
2022 01 11  0438   59590   16680    9    -9999.9    -9999.9    -1.00e+05
2022 01 11  0439   59590   16740    9    -9999.9    -9999.9    -1.00e+05
2022 01 11  0440   59590   16800    9    -9999.9    -9999.9    -1.00e+05
2022 01 11  0441   59590   16860    9    -9999.9    -9999.9    -1.00e+05
2022 01 11  0442   59590   16920    9    -9999.9    -9999.9    -1.00e+05
2022 01 11  0443   59590   16980    9    -9999.9    -9999.9    -1.00e+05
2022 01 11  0444   59590   17040    9    -9999.9    -9999.9    -1.00e+05
2022 01 11  0445   59590   17100    9    -9999.9    -9999.9    -1.00e+05
2022 01 11  0446   59590   17160    9    -9999.9    -9999.9    -1.00e+05
2022 01 11  0447   59590   17220    9    -9999.9    -9999.9    -1.00e+05
2022 01 11  0448   59590   17280    9    -9999.9    -9999.9    -1.00e+05
2022 01 11  0449   59590   17340    9    -9999.9    -9999.9    -1.00e+05
2022 01 11  0450   59590   17400    9    -9999.9    -9999.9    -1.00e+05
2022 01 11  0451   59590   17460    9    -9999.9    -9999.9    -1.00e+05
2022 01 11  0452   59590   17520    9    -9999.9    -9999.9    -1.00e+05
2022 01 11  0453   59590   17580    9    -9999.9    -9999.9    -1.00e+05
2022 01 11  0454   59590   17640    9    -9999.9    -9999.9    -1.00e+05
2022 01 11  0455   59590   17700    9    -9999.9    -9999.9    -1.00e+05
2022 01 11  0456   59590   17760    9    -9999.9    -9999.9    -1.00e+05
2022 01 11  0457   59590   17820    9    -9999.9    -9999.9    -1.00e+05
2022 01 11  0458   59590   17880    9    -9999.9    -9999.9    -1.00e+05
2022 01 11  0459   59590   17940    9    -9999.9    -9999.9    -1.00e+05
2022 01 11  0500   59590   18000    9    -9999.9    -9999.9    -1.00e+05
2022 01 11  0501   59590   18060    9    -9999.9    -9999.9    -1.00e+05
2022 01 11  0502   59590   18120    9    -9999.9    -9999.9    -1.00e+05
2022 01 11  0503   59590   18180    9    -9999.9    -9999.9    -1.00e+05
2022 01 11  0504   59590   18240    9    -9999.9    -9999.9    -1.00e+05
2022 01 11  0505   59590   18300    9    -9999.9    -9999.9    -1.00e+05
2022 01 11  0506   59590   18360    9    -9999.9    -9999.9    -1.00e+05
2022 01 11  0507   59590   18420    9    -9999.9    -9999.9    -1.00e+05
2022 01 11  0508   59590   18480    9    -9999.9    -9999.9    -1.00e+05
2022 01 11  0509   59590   18540    9    -9999.9    -9999.9    -1.00e+05
2022 01 11  0510   59590   18600    9    -9999.9    -9999.9    -1.00e+05
2022 01 11  0511   59590   18660    9    -9999.9    -9999.9    -1.00e+05
2022 01 11  0512   59590   18720    9    -9999.9    -9999.9    -1.00e+05
2022 01 11  0513   59590   18780    9    -9999.9    -9999.9    -1.00e+05
2022 01 11  0514   59590   18840    9    -9999.9    -9999.9    -1.00e+05
2022 01 11  0515   59590   18900    9    -9999.9    -9999.9    -1.00e+05
2022 01 11  0516   59590   18960    9    -9999.9    -9999.9    -1.00e+05
2022 01 11  0517   59590   19020    9    -9999.9    -9999.9    -1.00e+05
2022 01 11  0518   59590   19080    9    -9999.9    -9999.9    -1.00e+05
2022 01 11  0519   59590   19140    9    -9999.9    -9999.9    -1.00e+05
2022 01 11  0520   59590   19200    9    -9999.9    -9999.9    -1.00e+05
2022 01 11  0521   59590   19260    9    -9999.9    -9999.9    -1.00e+05
2022 01 11  0522   59590   19320    9    -9999.9    -9999.9    -1.00e+05
2022 01 11  0523   59590   19380    9    -9999.9    -9999.9    -1.00e+05
2022 01 11  0524   59590   19440    9    -9999.9    -9999.9    -1.00e+05
2022 01 11  0525   59590   19500    9    -9999.9    -9999.9    -1.00e+05
2022 01 11  0526   59590   19560    9    -9999.9    -9999.9    -1.00e+05
2022 01 11  0527   59590   19620    9    -9999.9    -9999.9    -1.00e+05
2022 01 11  0528   59590   19680    9    -9999.9    -9999.9    -1.00e+05
2022 01 11  0529   59590   19740    9    -9999.9    -9999.9    -1.00e+05
2022 01 11  0530   59590   19800    9    -9999.9    -9999.9    -1.00e+05
2022 01 11  0531   59590   19860    9    -9999.9    -9999.9    -1.00e+05
2022 01 11  0532   59590   19920    9    -9999.9    -9999.9    -1.00e+05
2022 01 11  0533   59590   19980    9    -9999.9    -9999.9    -1.00e+05
2022 01 11  0534   59590   20040    9    -9999.9    -9999.9    -1.00e+05
2022 01 11  0535   59590   20100    9    -9999.9    -9999.9    -1.00e+05
2022 01 11  0536   59590   20160    9    -9999.9    -9999.9    -1.00e+05
2022 01 11  0537   59590   20220    9    -9999.9    -9999.9    -1.00e+05
2022 01 11  0538   59590   20280    9    -9999.9    -9999.9    -1.00e+05
2022 01 11  0539   59590   20340    9    -9999.9    -9999.9    -1.00e+05
2022 01 11  0540   59590   20400    9    -9999.9    -9999.9    -1.00e+05
2022 01 11  0541   59590   20460    9    -9999.9    -9999.9    -1.00e+05
2022 01 11  0542   59590   20520    9    -9999.9    -9999.9    -1.00e+05
2022 01 11  0543   59590   20580    9    -9999.9    -9999.9    -1.00e+05
2022 01 11  0544   59590   20640    9    -9999.9    -9999.9    -1.00e+05
2022 01 11  0545   59590   20700    9    -9999.9    -9999.9    -1.00e+05
2022 01 11  0546   59590   20760    9    -9999.9    -9999.9    -1.00e+05
2022 01 11  0547   59590   20820    9    -9999.9    -9999.9    -1.00e+05
2022 01 11  0548   59590   20880    9    -9999.9    -9999.9    -1.00e+05
2022 01 11  0549   59590   20940    9    -9999.9    -9999.9    -1.00e+05
2022 01 11  0550   59590   21000    9    -9999.9    -9999.9    -1.00e+05
2022 01 11  0551   59590   21060    9    -9999.9    -9999.9    -1.00e+05
2022 01 11  0552   59590   21120    9    -9999.9    -9999.9    -1.00e+05
2022 01 11  0553   59590   21180    9    -9999.9    -9999.9    -1.00e+05
2022 01 11  0554   59590   21240    9    -9999.9    -9999.9    -1.00e+05
2022 01 11  0555   59590   21300    9    -9999.9    -9999.9    -1.00e+05
2022 01 11  0556   59590   21360    9    -9999.9    -9999.9    -1.00e+05
2022 01 11  0557   59590   21420    9    -9999.9    -9999.9    -1.00e+05
2022 01 11  0558   59590   21480    9    -9999.9    -9999.9    -1.00e+05
2022 01 11  0559   59590   21540    9    -9999.9    -9999.9    -1.00e+05
2022 01 11  0600   59590   21600    9    -9999.9    -9999.9    -1.00e+05
2022 01 11  0601   59590   21660    9    -9999.9    -9999.9    -1.00e+05
2022 01 11  0602   59590   21720    9    -9999.9    -9999.9    -1.00e+05
2022 01 11  0603   59590   21780    9    -9999.9    -9999.9    -1.00e+05
2022 01 11  0604   59590   21840    9    -9999.9    -9999.9    -1.00e+05
2022 01 11  0605   59590   21900    9    -9999.9    -9999.9    -1.00e+05
2022 01 11  0606   59590   21960    9    -9999.9    -9999.9    -1.00e+05
2022 01 11  0607   59590   22020    9    -9999.9    -9999.9    -1.00e+05
2022 01 11  0608   59590   22080    9    -9999.9    -9999.9    -1.00e+05
2022 01 11  0609   59590   22140    9    -9999.9    -9999.9    -1.00e+05
2022 01 11  0610   59590   22200    9    -9999.9    -9999.9    -1.00e+05
2022 01 11  0611   59590   22260    9    -9999.9    -9999.9    -1.00e+05
2022 01 11  0612   59590   22320    9    -9999.9    -9999.9    -1.00e+05
2022 01 11  0613   59590   22380    9    -9999.9    -9999.9    -1.00e+05
2022 01 11  0614   59590   22440    9    -9999.9    -9999.9    -1.00e+05
2022 01 11  0615   59590   22500    9    -9999.9    -9999.9    -1.00e+05
2022 01 11  0616   59590   22560    9    -9999.9    -9999.9    -1.00e+05
2022 01 11  0617   59590   22620    9    -9999.9    -9999.9    -1.00e+05
2022 01 11  0618   59590   22680    9    -9999.9    -9999.9    -1.00e+05
2022 01 11  0619   59590   22740    9    -9999.9    -9999.9    -1.00e+05
2022 01 11  0620   59590   22800    9    -9999.9    -9999.9    -1.00e+05
2022 01 11  0621   59590   22860    9    -9999.9    -9999.9    -1.00e+05
2022 01 11  0622   59590   22920    9    -9999.9    -9999.9    -1.00e+05
2022 01 11  0623   59590   22980    9    -9999.9    -9999.9    -1.00e+05
2022 01 11  0624   59590   23040    9    -9999.9    -9999.9    -1.00e+05
2022 01 11  0625   59590   23100    9    -9999.9    -9999.9    -1.00e+05
2022 01 11  0626   59590   23160    9    -9999.9    -9999.9    -1.00e+05
2022 01 11  0627   59590   23220    9    -9999.9    -9999.9    -1.00e+05
2022 01 11  0628   59590   23280    9    -9999.9    -9999.9    -1.00e+05
2022 01 11  0629   59590   23340    9    -9999.9    -9999.9    -1.00e+05
2022 01 11  0630   59590   23400    9    -9999.9    -9999.9    -1.00e+05
2022 01 11  0631   59590   23460    9    -9999.9    -9999.9    -1.00e+05
2022 01 11  0632   59590   23520    9    -9999.9    -9999.9    -1.00e+05
2022 01 11  0633   59590   23580    9    -9999.9    -9999.9    -1.00e+05
2022 01 11  0634   59590   23640    9    -9999.9    -9999.9    -1.00e+05
2022 01 11  0635   59590   23700    9    -9999.9    -9999.9    -1.00e+05
2022 01 11  0636   59590   23760    9    -9999.9    -9999.9    -1.00e+05
2022 01 11  0637   59590   23820    9    -9999.9    -9999.9    -1.00e+05
2022 01 11  0638   59590   23880    9    -9999.9    -9999.9    -1.00e+05
2022 01 11  0639   59590   23940    9    -9999.9    -9999.9    -1.00e+05
2022 01 11  0640   59590   24000    9    -9999.9    -9999.9    -1.00e+05
2022 01 11  0641   59590   24060    9    -9999.9    -9999.9    -1.00e+05
2022 01 11  0642   59590   24120    9    -9999.9    -9999.9    -1.00e+05
2022 01 11  0643   59590   24180    9    -9999.9    -9999.9    -1.00e+05
2022 01 11  0644   59590   24240    9    -9999.9    -9999.9    -1.00e+05
2022 01 11  0645   59590   24300    9    -9999.9    -9999.9    -1.00e+05
2022 01 11  0646   59590   24360    9    -9999.9    -9999.9    -1.00e+05
2022 01 11  0647   59590   24420    9    -9999.9    -9999.9    -1.00e+05
2022 01 11  0648   59590   24480    9    -9999.9    -9999.9    -1.00e+05
2022 01 11  0649   59590   24540    9    -9999.9    -9999.9    -1.00e+05
2022 01 11  0650   59590   24600    9    -9999.9    -9999.9    -1.00e+05
2022 01 11  0651   59590   24660    9    -9999.9    -9999.9    -1.00e+05
2022 01 11  0652   59590   24720    9    -9999.9    -9999.9    -1.00e+05
2022 01 11  0653   59590   24780    9    -9999.9    -9999.9    -1.00e+05
2022 01 11  0654   59590   24840    9    -9999.9    -9999.9    -1.00e+05
2022 01 11  0655   59590   24900    9    -9999.9    -9999.9    -1.00e+05
2022 01 11  0656   59590   24960    9    -9999.9    -9999.9    -1.00e+05
2022 01 11  0657   59590   25020    9    -9999.9    -9999.9    -1.00e+05
2022 01 11  0658   59590   25080    9    -9999.9    -9999.9    -1.00e+05
2022 01 11  0659   59590   25140    9    -9999.9    -9999.9    -1.00e+05
2022 01 11  0700   59590   25200    9    -9999.9    -9999.9    -1.00e+05
2022 01 11  0701   59590   25260    9    -9999.9    -9999.9    -1.00e+05
2022 01 11  0702   59590   25320    9    -9999.9    -9999.9    -1.00e+05
2022 01 11  0703   59590   25380    9    -9999.9    -9999.9    -1.00e+05
2022 01 11  0704   59590   25440    9    -9999.9    -9999.9    -1.00e+05
2022 01 11  0705   59590   25500    9    -9999.9    -9999.9    -1.00e+05
2022 01 11  0706   59590   25560    9    -9999.9    -9999.9    -1.00e+05
2022 01 11  0707   59590   25620    9    -9999.9    -9999.9    -1.00e+05
2022 01 11  0708   59590   25680    9    -9999.9    -9999.9    -1.00e+05
2022 01 11  0709   59590   25740    9    -9999.9    -9999.9    -1.00e+05
2022 01 11  0710   59590   25800    9    -9999.9    -9999.9    -1.00e+05
2022 01 11  0711   59590   25860    9    -9999.9    -9999.9    -1.00e+05
2022 01 11  0712   59590   25920    9    -9999.9    -9999.9    -1.00e+05
2022 01 11  0713   59590   25980    9    -9999.9    -9999.9    -1.00e+05
2022 01 11  0714   59590   26040    9    -9999.9    -9999.9    -1.00e+05
2022 01 11  0715   59590   26100    9    -9999.9    -9999.9    -1.00e+05
2022 01 11  0716   59590   26160    9    -9999.9    -9999.9    -1.00e+05
2022 01 11  0717   59590   26220    9    -9999.9    -9999.9    -1.00e+05
2022 01 11  0718   59590   26280    9    -9999.9    -9999.9    -1.00e+05
2022 01 11  0719   59590   26340    9    -9999.9    -9999.9    -1.00e+05
2022 01 11  0720   59590   26400    9    -9999.9    -9999.9    -1.00e+05
2022 01 11  0721   59590   26460    9    -9999.9    -9999.9    -1.00e+05
2022 01 11  0722   59590   26520    9    -9999.9    -9999.9    -1.00e+05
2022 01 11  0723   59590   26580    9    -9999.9    -9999.9    -1.00e+05
2022 01 11  0724   59590   26640    9    -9999.9    -9999.9    -1.00e+05
2022 01 11  0725   59590   26700    9    -9999.9    -9999.9    -1.00e+05
2022 01 11  0726   59590   26760    9    -9999.9    -9999.9    -1.00e+05
2022 01 11  0727   59590   26820    9    -9999.9    -9999.9    -1.00e+05
2022 01 11  0728   59590   26880    9    -9999.9    -9999.9    -1.00e+05
2022 01 11  0729   59590   26940    9    -9999.9    -9999.9    -1.00e+05
2022 01 11  0730   59590   27000    9    -9999.9    -9999.9    -1.00e+05
2022 01 11  0731   59590   27060    9    -9999.9    -9999.9    -1.00e+05
2022 01 11  0732   59590   27120    9    -9999.9    -9999.9    -1.00e+05
2022 01 11  0733   59590   27180    9    -9999.9    -9999.9    -1.00e+05
2022 01 11  0734   59590   27240    9    -9999.9    -9999.9    -1.00e+05
2022 01 11  0735   59590   27300    9    -9999.9    -9999.9    -1.00e+05
2022 01 11  0736   59590   27360    9    -9999.9    -9999.9    -1.00e+05
2022 01 11  0737   59590   27420    9    -9999.9    -9999.9    -1.00e+05
2022 01 11  0738   59590   27480    9    -9999.9    -9999.9    -1.00e+05
2022 01 11  0739   59590   27540    9    -9999.9    -9999.9    -1.00e+05
2022 01 11  0740   59590   27600    9    -9999.9    -9999.9    -1.00e+05
2022 01 11  0741   59590   27660    9    -9999.9    -9999.9    -1.00e+05
2022 01 11  0742   59590   27720    9    -9999.9    -9999.9    -1.00e+05
2022 01 11  0743   59590   27780    9    -9999.9    -9999.9    -1.00e+05
2022 01 11  0744   59590   27840    9    -9999.9    -9999.9    -1.00e+05
2022 01 11  0745   59590   27900    9    -9999.9    -9999.9    -1.00e+05
2022 01 11  0746   59590   27960    9    -9999.9    -9999.9    -1.00e+05
2022 01 11  0747   59590   28020    9    -9999.9    -9999.9    -1.00e+05
2022 01 11  0748   59590   28080    9    -9999.9    -9999.9    -1.00e+05
2022 01 11  0749   59590   28140    9    -9999.9    -9999.9    -1.00e+05
2022 01 11  0750   59590   28200    9    -9999.9    -9999.9    -1.00e+05
2022 01 11  0751   59590   28260    9    -9999.9    -9999.9    -1.00e+05
2022 01 11  0752   59590   28320    9    -9999.9    -9999.9    -1.00e+05
2022 01 11  0753   59590   28380    9    -9999.9    -9999.9    -1.00e+05
2022 01 11  0754   59590   28440    9    -9999.9    -9999.9    -1.00e+05
2022 01 11  0755   59590   28500    9    -9999.9    -9999.9    -1.00e+05
2022 01 11  0756   59590   28560    9    -9999.9    -9999.9    -1.00e+05
2022 01 11  0757   59590   28620    9    -9999.9    -9999.9    -1.00e+05
2022 01 11  0758   59590   28680    9    -9999.9    -9999.9    -1.00e+05
2022 01 11  0759   59590   28740    9    -9999.9    -9999.9    -1.00e+05
2022 01 11  0800   59590   28800    9    -9999.9    -9999.9    -1.00e+05
2022 01 11  0801   59590   28860    9    -9999.9    -9999.9    -1.00e+05
2022 01 11  0802   59590   28920    9    -9999.9    -9999.9    -1.00e+05
2022 01 11  0803   59590   28980    9    -9999.9    -9999.9    -1.00e+05
2022 01 11  0804   59590   29040    9    -9999.9    -9999.9    -1.00e+05
2022 01 11  0805   59590   29100    9    -9999.9    -9999.9    -1.00e+05
2022 01 11  0806   59590   29160    9    -9999.9    -9999.9    -1.00e+05
2022 01 11  0807   59590   29220    9    -9999.9    -9999.9    -1.00e+05
2022 01 11  0808   59590   29280    9    -9999.9    -9999.9    -1.00e+05
2022 01 11  0809   59590   29340    9    -9999.9    -9999.9    -1.00e+05
2022 01 11  0810   59590   29400    9    -9999.9    -9999.9    -1.00e+05
2022 01 11  0811   59590   29460    9    -9999.9    -9999.9    -1.00e+05
2022 01 11  0812   59590   29520    9    -9999.9    -9999.9    -1.00e+05
2022 01 11  0813   59590   29580    9    -9999.9    -9999.9    -1.00e+05
2022 01 11  0814   59590   29640    9    -9999.9    -9999.9    -1.00e+05
2022 01 11  0815   59590   29700    9    -9999.9    -9999.9    -1.00e+05
2022 01 11  0816   59590   29760    9    -9999.9    -9999.9    -1.00e+05
2022 01 11  0817   59590   29820    9    -9999.9    -9999.9    -1.00e+05
2022 01 11  0818   59590   29880    0        6.7    -9999.9    -1.00e+05
2022 01 11  0819   59590   29940    0        6.7      382.2     6.17e+04
2022 01 11  0820   59590   30000    0        6.5      382.3     6.28e+04
2022 01 11  0821   59590   30060    0        6.4      380.9     5.67e+04
2022 01 11  0822   59590   30120    0        6.2      377.7     5.53e+04
2022 01 11  0823   59590   30180    0        6.2      380.8     4.40e+04
2022 01 11  0824   59590   30240    0        5.9      381.8     4.45e+04
2022 01 11  0825   59590   30300    0        5.7      381.7     4.61e+04
2022 01 11  0826   59590   30360    0        6.6      383.0     4.08e+04
2022 01 11  0827   59590   30420    0        6.6      381.4     4.35e+04
2022 01 11  0828   59590   30480    1        6.7      380.6     4.41e+04
2022 01 11  0829   59590   30540    0        6.8      381.8     4.32e+04
2022 01 11  0830   59590   30600    0        6.7      381.6     4.48e+04
2022 01 11  0831   59590   30660    0        6.8      381.0     4.17e+04
2022 01 11  0832   59590   30720    0        6.5      380.8     4.27e+04
2022 01 11  0833   59590   30780    0        6.9      380.9     4.09e+04
2022 01 11  0834   59590   30840    0        6.4      381.3     4.30e+04
2022 01 11  0835   59590   30900    0        6.7      380.6     4.03e+04
2022 01 11  0836   59590   30960    0        6.6      379.8     4.17e+04
2022 01 11  0837   59590   31020    0        7.1      379.8     4.16e+04
2022 01 11  0838   59590   31080    0        6.8      380.2     4.52e+04
2022 01 11  0839   59590   31140    0        7.1      380.8     4.63e+04
2022 01 11  0840   59590   31200    0        7.1      381.0     4.95e+04
2022 01 11  0841   59590   31260    0        7.1      379.8     4.73e+04
2022 01 11  0842   59590   31320    0        6.8      378.8     4.86e+04
2022 01 11  0843   59590   31380    0        6.6      380.1     4.77e+04
2022 01 11  0844   59590   31440    0        6.8      380.3     4.54e+04
2022 01 11  0845   59590   31500    0        7.0      378.4     4.68e+04
2022 01 11  0846   59590   31560    0        7.1      377.5     4.68e+04
2022 01 11  0847   59590   31620    0        6.3      375.4     4.73e+04
2022 01 11  0848   59590   31680    0        5.3      374.6     5.05e+04
2022 01 11  0849   59590   31740    0        6.7      376.9     5.81e+04
2022 01 11  0850   59590   31800    0        4.9      379.0     6.10e+04
2022 01 11  0851   59590   31860    0        5.9      377.3     4.89e+04
2022 01 11  0852   59590   31920    0        6.1      380.3     4.97e+04
2022 01 11  0853   59590   31980    0        6.9      385.9     6.91e+04
2022 01 11  0854   59590   32040    0        7.4      387.2     7.41e+04
2022 01 11  0855   59590   32100    0        6.3      390.0     8.91e+04
2022 01 11  0856   59590   32160    0        6.8      388.0     8.46e+04
2022 01 11  0857   59590   32220    0        6.3      390.5     7.18e+04
2022 01 11  0858   59590   32280    0        5.8      392.7     6.67e+04
2022 01 11  0859   59590   32340    0        7.2      385.1     6.46e+04
2022 01 11  0900   59590   32400    0        6.6      387.1     6.29e+04
2022 01 11  0901   59590   32460    0        6.0      389.9     5.84e+04
2022 01 11  0902   59590   32520    0        6.5      390.2     5.57e+04
2022 01 11  0903   59590   32580    0        6.4      390.0     5.83e+04
2022 01 11  0904   59590   32640    0        6.5      389.2     5.75e+04
2022 01 11  0905   59590   32700    0        6.1      387.4     6.91e+04
2022 01 11  0906   59590   32760    0        6.5      389.5     6.73e+04
2022 01 11  0907   59590   32820    0        6.3      387.7     7.21e+04
2022 01 11  0908   59590   32880    0        6.1      385.5     5.77e+04
2022 01 11  0909   59590   32940    0        6.7      388.7     5.48e+04
2022 01 11  0910   59590   33000    0        7.2      389.7     5.64e+04
2022 01 11  0911   59590   33060    0        6.9      388.0     5.32e+04
2022 01 11  0912   59590   33120    0        7.0      386.9     5.45e+04
2022 01 11  0913   59590   33180    0        7.1      386.6     5.62e+04
2022 01 11  0914   59590   33240    0        6.4      386.8     5.12e+04
2022 01 11  0915   59590   33300    0        6.4      388.4     5.21e+04
2022 01 11  0916   59590   33360    0        6.8      389.6     5.47e+04
2022 01 11  0917   59590   33420    0        7.0      389.3     5.35e+04
2022 01 11  0918   59590   33480    0        6.6      388.6     5.19e+04
2022 01 11  0919   59590   33540    0        5.9      387.8     4.29e+04
2022 01 11  0920   59590   33600    0        6.3      389.5     4.99e+04
2022 01 11  0921   59590   33660    0        6.7      385.9     4.70e+04
2022 01 11  0922   59590   33720    0        6.8      389.2     5.38e+04
2022 01 11  0923   59590   33780    0        6.8      389.3     4.81e+04
2022 01 11  0924   59590   33840    0        6.8      391.1     5.13e+04
2022 01 11  0925   59590   33900    0       12.0      404.6     3.08e+04
2022 01 11  0926   59590   33960    0       12.6      406.1     2.86e+04
2022 01 11  0927   59590   34020    0        7.1      386.1     4.65e+04
2022 01 11  0928   59590   34080    0        7.6      397.0     7.84e+04
2022 01 11  0929   59590   34140    0        7.3      392.6     6.17e+04
2022 01 11  0930   59590   34200    3    -9999.9    -9999.9    -1.00e+05
2022 01 11  0931   59590   34260    3    -9999.9    -9999.9    -1.00e+05
2022 01 11  0932   59590   34320    0        7.3      385.6     5.44e+04
2022 01 11  0933   59590   34380    0        7.0      385.1     5.54e+04
2022 01 11  0934   59590   34440    0        6.9      383.7     5.84e+04
2022 01 11  0935   59590   34500    0        7.3      381.7     6.23e+04
2022 01 11  0936   59590   34560    0        6.0      378.9     6.32e+04
2022 01 11  0937   59590   34620    0        7.4      377.4     5.74e+04
2022 01 11  0938   59590   34680    0        8.0      378.6     6.40e+04
2022 01 11  0939   59590   34740    0        6.7      380.8     5.10e+04
2022 01 11  0940   59590   34800    0        6.7      379.1     5.07e+04
2022 01 11  0941   59590   34860    0        7.1      377.9     4.76e+04
2022 01 11  0942   59590   34920    0        5.8      375.5     5.85e+04
2022 01 11  0943   59590   34980    0        5.6      375.6     6.22e+04
2022 01 11  0944   59590   35040    0        5.4      374.6     6.25e+04
2022 01 11  0945   59590   35100    0        5.6      375.0     6.50e+04
2022 01 11  0946   59590   35160    0        5.6      375.3     6.27e+04
2022 01 11  0947   59590   35220    0        6.3      373.8     5.70e+04
2022 01 11  0948   59590   35280    0        6.6      373.6     5.74e+04
2022 01 11  0949   59590   35340    0        5.7      375.0     6.14e+04
2022 01 11  0950   59590   35400    0        5.8      374.2     6.46e+04
2022 01 11  0951   59590   35460    0        5.7      374.5     6.41e+04
2022 01 11  0952   59590   35520    0        5.4      375.4     6.28e+04
2022 01 11  0953   59590   35580    0        5.8      375.6     6.39e+04
2022 01 11  0954   59590   35640    0        5.7      376.9     6.25e+04
2022 01 11  0955   59590   35700    0        5.8      376.0     6.62e+04
2022 01 11  0956   59590   35760    0        5.8      376.5     6.41e+04
2022 01 11  0957   59590   35820    0        5.8      377.4     6.53e+04
2022 01 11  0958   59590   35880    0        6.1      378.8     7.00e+04
2022 01 11  0959   59590   35940    0        6.5      378.1     6.26e+04
2022 01 11  1000   59590   36000    0        6.0      379.9     6.26e+04
2022 01 11  1001   59590   36060    0        5.7      379.4     6.59e+04
2022 01 11  1002   59590   36120    0        5.7      377.9     6.33e+04
2022 01 11  1003   59590   36180    0        5.8      377.4     6.04e+04
2022 01 11  1004   59590   36240    3    -9999.9    -9999.9    -1.00e+05
2022 01 11  1005   59590   36300    0        5.7      377.8     6.52e+04
2022 01 11  1006   59590   36360    0        5.7      377.6     6.50e+04
2022 01 11  1007   59590   36420    0        5.8      377.5     6.55e+04
2022 01 11  1008   59590   36480    0        5.9      378.2     6.81e+04
2022 01 11  1009   59590   36540    0        5.9      375.8     6.42e+04
2022 01 11  1010   59590   36600    0        5.6      375.5     6.24e+04
2022 01 11  1011   59590   36660    0        5.9      376.2     6.17e+04
2022 01 11  1012   59590   36720    0        5.8      378.1     6.18e+04
2022 01 11  1013   59590   36780    0        5.7      376.8     6.37e+04
2022 01 11  1014   59590   36840    0        6.0      379.6     6.38e+04
2022 01 11  1015   59590   36900    0        5.9      380.1     6.31e+04
2022 01 11  1016   59590   36960    0        6.0      382.2     5.97e+04
2022 01 11  1017   59590   37020    0        5.5      384.0     6.05e+04
2022 01 11  1018   59590   37080    0        5.8      384.6     6.16e+04
2022 01 11  1019   59590   37140    0        6.0      384.3     6.13e+04
2022 01 11  1020   59590   37200    0        5.9      384.2     6.17e+04
2022 01 11  1021   59590   37260    0        5.9      384.2     6.12e+04
2022 01 11  1022   59590   37320    0        5.7      383.6     5.85e+04
2022 01 11  1023   59590   37380    0        5.7      383.7     5.93e+04
2022 01 11  1024   59590   37440    0        5.6      384.8     6.38e+04
2022 01 11  1025   59590   37500    0        5.2      386.4     5.94e+04
2022 01 11  1026   59590   37560    0        5.4      384.8     6.03e+04
2022 01 11  1027   59590   37620    0        5.4      385.1     5.62e+04
2022 01 11  1028   59590   37680    0        5.1      383.3     6.18e+04
2022 01 11  1029   59590   37740    0        5.3      384.4     5.36e+04
2022 01 11  1030   59590   37800    0        5.2      383.5     5.54e+04
2022 01 11  1031   59590   37860    0        5.4      383.4     5.29e+04
2022 01 11  1032   59590   37920    0        5.4      382.2     5.56e+04
2022 01 11  1033   59590   37980    0        5.5      380.9     5.62e+04
2022 01 11  1034   59590   38040    0        5.6      378.6     5.80e+04
2022 01 11  1035   59590   38100    0        5.7      378.9     6.08e+04
2022 01 11  1036   59590   38160    0        5.8      380.6     6.17e+04
2022 01 11  1037   59590   38220    3    -9999.9    -9999.9    -1.00e+05
2022 01 11  1038   59590   38280    0        5.7      378.1     5.40e+04
2022 01 11  1039   59590   38340    0        5.7      377.9     5.44e+04
2022 01 11  1040   59590   38400    0        5.7      378.0     5.55e+04
2022 01 11  1041   59590   38460    0        5.5      381.1     5.51e+04
2022 01 11  1042   59590   38520    0        5.1      381.4     5.65e+04
2022 01 11  1043   59590   38580    0        4.7      383.2     5.55e+04
2022 01 11  1044   59590   38640    0        5.1      381.8     6.58e+04
2022 01 11  1045   59590   38700    0        4.5      385.5     6.59e+04
2022 01 11  1046   59590   38760    0        4.8      382.3     6.66e+04
2022 01 11  1047   59590   38820    0        5.4      380.1     5.82e+04
2022 01 11  1048   59590   38880    0        5.3      379.2     5.67e+04
2022 01 11  1049   59590   38940    0        5.2      380.5     5.59e+04
2022 01 11  1050   59590   39000    0        4.7      384.7     6.11e+04
2022 01 11  1051   59590   39060    0        4.8      384.8     6.70e+04
2022 01 11  1052   59590   39120    0        5.4      382.4     7.05e+04
2022 01 11  1053   59590   39180    0        5.0      384.2     6.97e+04
2022 01 11  1054   59590   39240    0        4.4      387.2     6.67e+04
2022 01 11  1055   59590   39300    0        4.4      387.5     7.25e+04
2022 01 11  1056   59590   39360    0        4.6      386.2     6.73e+04
2022 01 11  1057   59590   39420    0        4.9      379.8     6.66e+04
2022 01 11  1058   59590   39480    0        5.0      378.8     6.46e+04
2022 01 11  1059   59590   39540    0        4.8      381.0     6.78e+04
2022 01 11  1100   59590   39600    0        5.1      380.1     6.26e+04
2022 01 11  1101   59590   39660    0        4.6      380.1     6.51e+04
2022 01 11  1102   59590   39720    0        5.2      379.1     6.25e+04
2022 01 11  1103   59590   39780    0        4.6      382.5     6.31e+04
2022 01 11  1104   59590   39840    0        4.7      383.7     6.34e+04
2022 01 11  1105   59590   39900    0        4.5      385.1     6.39e+04
2022 01 11  1106   59590   39960    0        4.7      382.8     6.64e+04
2022 01 11  1107   59590   40020    0        4.8      381.3     6.92e+04
2022 01 11  1108   59590   40080    0        4.6      384.3     7.00e+04
2022 01 11  1109   59590   40140    0        4.4      387.0     6.95e+04
2022 01 11  1110   59590   40200    3    -9999.9    -9999.9    -1.00e+05
2022 01 11  1111   59590   40260    0        4.0      386.3     5.83e+04
2022 01 11  1112   59590   40320    0        4.1      385.5     6.05e+04
2022 01 11  1113   59590   40380    0        4.6      382.1     7.06e+04
2022 01 11  1114   59590   40440    0        4.7      385.3     6.14e+04
2022 01 11  1115   59590   40500    0        4.8      387.3     7.57e+04
2022 01 11  1116   59590   40560    0        4.4      386.0     6.66e+04
2022 01 11  1117   59590   40620    0        4.5      383.6     7.30e+04
2022 01 11  1118   59590   40680    0        4.8      382.4     6.82e+04
2022 01 11  1119   59590   40740    0        4.5      380.2     6.63e+04
2022 01 11  1120   59590   40800    0        4.7      380.6     6.74e+04
2022 01 11  1121   59590   40860    0        4.9      382.1     7.08e+04
2022 01 11  1122   59590   40920    0        4.8      384.1     6.87e+04
2022 01 11  1123   59590   40980    0        4.5      387.9     6.76e+04
2022 01 11  1124   59590   41040    0        4.4      388.2     6.61e+04
2022 01 11  1125   59590   41100    0        4.5      384.7     6.79e+04
2022 01 11  1126   59590   41160    0        4.6      383.3     7.50e+04
2022 01 11  1127   59590   41220    0        4.6      380.0     7.31e+04
2022 01 11  1128   59590   41280    0        5.8      378.9     9.15e+04
2022 01 11  1129   59590   41340    0        5.7      380.7     8.82e+04
2022 01 11  1130   59590   41400    0        5.5      378.4     8.21e+04
2022 01 11  1131   59590   41460    0        5.6      375.7     5.91e+04
2022 01 11  1132   59590   41520    0        5.2      374.3     5.85e+04
2022 01 11  1133   59590   41580    0        5.3      378.7     7.27e+04
2022 01 11  1134   59590   41640    0        4.6      383.1     7.98e+04
2022 01 11  1135   59590   41700    0        5.1      390.1     6.26e+04
2022 01 11  1136   59590   41760    0        5.1      395.8     5.45e+04
2022 01 11  1137   59590   41820    0        5.3      394.7     4.90e+04
2022 01 11  1138   59590   41880    0        5.3      392.0     4.54e+04
2022 01 11  1139   59590   41940    0        5.5      390.1     4.35e+04
2022 01 11  1140   59590   42000    0        5.7      389.4     4.31e+04
2022 01 11  1141   59590   42060    0        5.7      388.9     4.33e+04
2022 01 11  1142   59590   42120    0        5.8      387.5     4.20e+04
2022 01 11  1143   59590   42180    3    -9999.9    -9999.9    -1.00e+05
2022 01 11  1144   59590   42240    0        5.7      389.7     4.29e+04
2022 01 11  1145   59590   42300    0        5.7      389.9     4.31e+04
2022 01 11  1146   59590   42360    0        5.5      391.5     4.45e+04
2022 01 11  1147   59590   42420    0        5.6      391.1     4.10e+04
2022 01 11  1148   59590   42480    0        5.7      390.5     4.72e+04
2022 01 11  1149   59590   42540    0        5.6      389.2     4.20e+04
2022 01 11  1150   59590   42600    0        5.6      389.5     4.51e+04
2022 01 11  1151   59590   42660    0        5.9      390.9     4.56e+04
2022 01 11  1152   59590   42720    0        5.5      392.7     4.53e+04
2022 01 11  1153   59590   42780    0        5.6      393.9     4.54e+04
2022 01 11  1154   59590   42840    0        5.6      395.0     4.51e+04
2022 01 11  1155   59590   42900    0        5.5      396.3     4.47e+04
2022 01 11  1156   59590   42960    0        5.6      396.3     4.43e+04
2022 01 11  1157   59590   43020    0        5.8      394.6     4.51e+04
2022 01 11  1158   59590   43080    0        6.0      393.1     4.73e+04
2022 01 11  1159   59590   43140    0        6.1      395.4     4.95e+04
2022 01 11  1200   59590   43200    0        6.1      395.4     4.96e+04
2022 01 11  1201   59590   43260    0        6.0      395.6     4.93e+04
2022 01 11  1202   59590   43320    0        6.0      396.2     4.52e+04
2022 01 11  1203   59590   43380    0        4.6      396.2     4.49e+04
2022 01 11  1204   59590   43440    0        5.9      397.4     4.17e+04
2022 01 11  1205   59590   43500    0        5.2      394.9     3.95e+04
2022 01 11  1206   59590   43560    0        5.6      396.5     4.22e+04
2022 01 11  1207   59590   43620    0        5.4      396.9     4.21e+04
2022 01 11  1208   59590   43680    0        5.6      396.7     4.25e+04
2022 01 11  1209   59590   43740    0        5.5      396.8     4.28e+04
2022 01 11  1210   59590   43800    0        5.1      398.1     4.44e+04
2022 01 11  1211   59590   43860    0        5.0      396.6     4.23e+04
2022 01 11  1212   59590   43920    0        5.5      395.1     4.10e+04
2022 01 11  1213   59590   43980    0        5.8      396.7     4.36e+04
2022 01 11  1214   59590   44040    0        5.7      398.1     4.45e+04
2022 01 11  1215   59590   44100    0        6.1      400.3     4.57e+04
2022 01 11  1216   59590   44160    3    -9999.9    -9999.9    -1.00e+05
2022 01 11  1217   59590   44220    0        5.4      402.1     4.09e+04
2022 01 11  1218   59590   44280    0        5.4      402.0     4.08e+04
2022 01 11  1219   59590   44340    0        5.2      397.3     3.83e+04
2022 01 11  1220   59590   44400    0        5.8      395.2     4.01e+04
2022 01 11  1221   59590   44460    0        5.3      394.7     3.91e+04
2022 01 11  1222   59590   44520    0        5.8      395.0     3.99e+04
2022 01 11  1223   59590   44580    0        5.7      397.0     4.15e+04
2022 01 11  1224   59590   44640    0        5.9      394.8     4.26e+04
2022 01 11  1225   59590   44700    0        6.0      393.7     4.29e+04
2022 01 11  1226   59590   44760    9    -9999.9    -9999.9    -1.00e+05
2022 01 11  1227   59590   44820    0        5.7      384.9     3.79e+04
2022 01 11  1228   59590   44880    0        5.4      384.3     3.60e+04
2022 01 11  1229   59590   44940    0        5.1      387.2     3.56e+04
2022 01 11  1230   59590   45000    0        5.6      389.0     4.01e+04
2022 01 11  1231   59590   45060    0        5.9      377.5     4.02e+04
2022 01 11  1232   59590   45120    0        5.7      374.3     3.41e+04
2022 01 11  1233   59590   45180    0        5.8      370.8     3.52e+04
2022 01 11  1234   59590   45240    0        5.4      373.3     3.63e+04
2022 01 11  1235   59590   45300    0        5.5      372.8     3.47e+04
2022 01 11  1236   59590   45360    0        5.5      372.0     3.85e+04
2022 01 11  1237   59590   45420    0        7.0      376.0     3.71e+04
2022 01 11  1238   59590   45480    0        6.5      376.8     4.35e+04
2022 01 11  1239   59590   45540    0        5.6      381.8     3.82e+04
2022 01 11  1240   59590   45600    0        5.7      379.0     4.00e+04
2022 01 11  1241   59590   45660    0        5.9      379.7     3.78e+04
2022 01 11  1242   59590   45720    0        5.6      381.9     3.91e+04
2022 01 11  1243   59590   45780    0        5.8      382.3     3.98e+04
2022 01 11  1244   59590   45840    0        6.5      380.8     3.90e+04
2022 01 11  1245   59590   45900    0        6.1      379.8     5.49e+04
2022 01 11  1246   59590   45960    0        5.0      381.3     8.68e+04
2022 01 11  1247   59590   46020    0        4.7      382.1     9.94e+04
2022 01 11  1248   59590   46080    0        5.3      381.3     8.59e+04
2022 01 11  1249   59590   46140    0        5.1      381.0     8.71e+04
2022 01 11  1250   59590   46200    0        6.7    -9999.9    -1.00e+05
2022 01 11  1251   59590   46260    0        6.7      388.2     5.14e+04
2022 01 11  1252   59590   46320    0        5.4      387.0     4.53e+04
2022 01 11  1253   59590   46380    0        6.5      384.3     4.98e+04
2022 01 11  1254   59590   46440    0        5.8      384.2     5.04e+04
2022 01 11  1255   59590   46500    0        5.9      377.9     4.72e+04
2022 01 11  1256   59590   46560    0        5.7      373.5     4.55e+04
2022 01 11  1257   59590   46620    0        5.9      374.0     4.66e+04
2022 01 11  1258   59590   46680    0        5.2      373.5     5.28e+04
2022 01 11  1259   59590   46740    0        4.7      373.4     5.56e+04
2022 01 11  1300   59590   46800    0        5.3      372.5     5.29e+04
2022 01 11  1301   59590   46860    0        5.2      372.3     5.53e+04
2022 01 11  1302   59590   46920    0        4.3      375.8     6.30e+04
2022 01 11  1303   59590   46980    0        4.9      375.4     6.49e+04
2022 01 11  1304   59590   47040    0        4.9      375.6     6.76e+04
2022 01 11  1305   59590   47100    1        4.8      373.9     6.33e+04
2022 01 11  1306   59590   47160    0        4.8      374.3     6.64e+04
2022 01 11  1307   59590   47220    0        4.6      373.4     6.40e+04
2022 01 11  1308   59590   47280    0        4.7      375.0     6.00e+04
2022 01 11  1309   59590   47340    0        4.7      372.6     5.95e+04
2022 01 11  1310   59590   47400    0        4.9      374.4     6.40e+04
2022 01 11  1311   59590   47460    0        4.8      375.9     6.82e+04
2022 01 11  1312   59590   47520    0        4.9      378.1     7.14e+04
2022 01 11  1313   59590   47580    0        5.6      382.7     7.25e+04
2022 01 11  1314   59590   47640    0        5.7      384.1     7.43e+04
2022 01 11  1315   59590   47700    0        5.1      383.8     7.84e+04
2022 01 11  1316   59590   47760    0        4.9      384.8     7.76e+04
2022 01 11  1317   59590   47820    0        5.4      384.5     7.12e+04
2022 01 11  1318   59590   47880    0        5.6      383.1     6.91e+04
2022 01 11  1319   59590   47940    0        5.0      383.8     7.13e+04
2022 01 11  1320   59590   48000    0        4.7      383.5     7.44e+04
2022 01 11  1321   59590   48060    0        5.2      383.9     7.29e+04
2022 01 11  1322   59590   48120    0        5.1      383.2     7.77e+04
2022 01 11  1323   59590   48180    9    -9999.9    -9999.9    -1.00e+05
2022 01 11  1324   59590   48240    0        7.1      382.9     6.86e+04
2022 01 11  1325   59590   48300    0        6.3      379.9     7.21e+04
2022 01 11  1326   59590   48360    0        6.7      380.0     6.51e+04
2022 01 11  1327   59590   48420    0        5.2      384.0     7.81e+04
2022 01 11  1328   59590   48480    0        6.9      392.5     1.14e+05
2022 01 11  1329   59590   48540    0        6.5      402.2     8.55e+04
2022 01 11  1330   59590   48600    0        5.4      402.7     5.59e+04
2022 01 11  1331   59590   48660    0        5.4      401.1     5.24e+04
2022 01 11  1332   59590   48720    0        5.6      401.5     5.26e+04
2022 01 11  1333   59590   48780    0        5.3      403.6     5.56e+04
2022 01 11  1334   59590   48840    0        5.1      407.0     5.81e+04
2022 01 11  1335   59590   48900    0        6.0      403.5     5.23e+04
2022 01 11  1336   59590   48960    0        5.7      402.8     5.31e+04
2022 01 11  1337   59590   49020    0        6.2      396.8     5.40e+04
2022 01 11  1338   59590   49080    0        5.4      398.4     5.11e+04
2022 01 11  1339   59590   49140    0        5.9      404.4     4.82e+04
2022 01 11  1340   59590   49200    0        5.8      402.2     5.25e+04
2022 01 11  1341   59590   49260    0        6.1      400.6     5.26e+04
2022 01 11  1342   59590   49320    0        5.8      403.8     5.76e+04
2022 01 11  1343   59590   49380    0        6.0      399.5     5.45e+04
2022 01 11  1344   59590   49440    0        6.0      396.8     5.86e+04
2022 01 11  1345   59590   49500    0        6.4      398.1     5.93e+04
2022 01 11  1346   59590   49560    0        6.2      402.9     5.96e+04
2022 01 11  1347   59590   49620    0        5.9      404.9     6.03e+04
2022 01 11  1348   59590   49680    0        5.8      403.9     5.87e+04
2022 01 11  1349   59590   49740    0        5.6      403.6     5.53e+04
2022 01 11  1350   59590   49800    0        5.7      404.3     5.47e+04
2022 01 11  1351   59590   49860    0        5.7      405.6     5.83e+04
2022 01 11  1352   59590   49920    0        6.1      407.5     5.63e+04
2022 01 11  1353   59590   49980    0        5.7      411.1     5.98e+04
2022 01 11  1354   59590   50040    0        6.0      409.4     5.48e+04
2022 01 11  1355   59590   50100    0        7.0      417.4     5.93e+04
2022 01 11  1356   59590   50160    0        7.0    -9999.9    -1.00e+05
2022 01 11  1357   59590   50220    0        5.9      406.0     5.12e+04
2022 01 11  1358   59590   50280    0        5.6      403.4     5.68e+04
2022 01 11  1359   59590   50340    0        6.8      407.6     6.07e+04
2022 01 11  1400   59590   50400    0        6.4      406.4     5.97e+04
2022 01 11  1401   59590   50460    0        5.8      405.3     5.68e+04
2022 01 11  1402   59590   50520    0        5.8      404.7     5.59e+04
2022 01 11  1403   59590   50580    0        5.8      404.3     5.50e+04
2022 01 11  1404   59590   50640    0        5.7      404.5     5.68e+04
2022 01 11  1405   59590   50700    0        5.8      400.9     5.72e+04
2022 01 11  1406   59590   50760    0        5.8      396.5     5.37e+04
2022 01 11  1407   59590   50820    0        5.8      400.5     5.78e+04
2022 01 11  1408   59590   50880    0        5.7      397.3     5.20e+04
2022 01 11  1409   59590   50940    0        5.8      399.3     5.66e+04
2022 01 11  1410   59590   51000    0        6.5      401.7     5.53e+04
2022 01 11  1411   59590   51060    0        5.6      399.7     5.51e+04
2022 01 11  1412   59590   51120    0        5.9      400.1     5.17e+04
2022 01 11  1413   59590   51180    0        7.2      413.5     9.67e+04
2022 01 11  1414   59590   51240    0        6.9      403.3     6.70e+04
2022 01 11  1415   59590   51300    0        4.4      389.5     3.57e+04
2022 01 11  1416   59590   51360    0        5.6      402.3     6.18e+04
2022 01 11  1417   59590   51420    0        7.0      411.1     7.71e+04
2022 01 11  1418   59590   51480    0        6.6      407.8     6.69e+04
2022 01 11  1419   59590   51540    0        5.9      404.8     5.74e+04
2022 01 11  1420   59590   51600    0        5.9      404.8     5.86e+04
2022 01 11  1421   59590   51660    0        6.3      404.3     6.17e+04
2022 01 11  1422   59590   51720    0        6.5      406.6     5.68e+04
2022 01 11  1423   59590   51780    0        6.4      406.6     5.87e+04
2022 01 11  1424   59590   51840    0        5.9      406.5     6.32e+04
2022 01 11  1425   59590   51900    0        6.5      406.6     5.66e+04
2022 01 11  1426   59590   51960    0        5.8      407.1     6.18e+04
2022 01 11  1427   59590   52020    0        6.5      407.4     5.60e+04
2022 01 11  1428   59590   52080    0        6.0      405.6     6.12e+04
2022 01 11  1429   59590   52140    0        6.0      405.5     6.14e+04
2022 01 11  1430   59590   52200    0        6.0      404.4     6.01e+04
2022 01 11  1431   59590   52260    0        6.1      406.2     5.69e+04
2022 01 11  1432   59590   52320    0        6.4      408.7     5.67e+04
2022 01 11  1433   59590   52380    0        6.5      408.3     6.10e+04
2022 01 11  1434   59590   52440    0        6.7      406.2     6.10e+04
2022 01 11  1435   59590   52500    0        6.5      405.7     5.92e+04
2022 01 11  1436   59590   52560    0        6.5      405.6     5.88e+04
2022 01 11  1437   59590   52620    0        6.7      405.8     5.86e+04
2022 01 11  1438   59590   52680    0        6.5      407.3     5.87e+04
2022 01 11  1439   59590   52740    0        6.3      407.5     5.89e+04
2022 01 11  1440   59590   52800    0        5.7      407.0     6.08e+04
2022 01 11  1441   59590   52860    0        5.1      405.1     6.20e+04
2022 01 11  1442   59590   52920    0        6.4      409.4     6.37e+04
2022 01 11  1443   59590   52980    0        5.3      408.1     6.49e+04
2022 01 11  1444   59590   53040    0        5.0      407.6     6.81e+04
2022 01 11  1445   59590   53100    0        6.1      400.6     5.35e+04
2022 01 11  1446   59590   53160    0        5.8      399.8     5.33e+04
2022 01 11  1447   59590   53220    0        5.7      397.8     5.25e+04
2022 01 11  1448   59590   53280    0        5.5      395.0     5.45e+04
2022 01 11  1449   59590   53340    0        5.6      393.2     5.55e+04
2022 01 11  1450   59590   53400    0        5.8      393.3     5.86e+04
2022 01 11  1451   59590   53460    0        5.8      386.5     5.82e+04
2022 01 11  1452   59590   53520    0        5.7      381.2     5.27e+04
2022 01 11  1453   59590   53580    0        5.5      382.7     5.61e+04
2022 01 11  1454   59590   53640    0        5.3      379.8     6.44e+04
2022 01 11  1455   59590   53700    0        5.6      378.0     5.54e+04
2022 01 11  1456   59590   53760    0        5.9      381.3     5.49e+04
2022 01 11  1457   59590   53820    0        6.0      380.7     5.79e+04
2022 01 11  1458   59590   53880    0        5.7      377.7     4.96e+04
2022 01 11  1459   59590   53940    0        5.7      379.6     5.70e+04
2022 01 11  1500   59590   54000    0        6.4      380.6     5.51e+04
2022 01 11  1501   59590   54060    0        5.1      387.8     4.81e+04
2022 01 11  1502   59590   54120    0        5.0      388.6     4.74e+04
2022 01 11  1503   59590   54180    0        5.4      390.5     4.51e+04
2022 01 11  1504   59590   54240    0        5.4      388.8     4.73e+04
2022 01 11  1505   59590   54300    0        5.9      382.1     7.29e+04
2022 01 11  1506   59590   54360    0        5.7      388.4     7.02e+04
2022 01 11  1507   59590   54420    0        6.2      394.0     5.64e+04
2022 01 11  1508   59590   54480    0        6.3      391.4     5.34e+04
2022 01 11  1509   59590   54540    0        5.6      390.2     5.03e+04
2022 01 11  1510   59590   54600    0        5.8      390.3     5.06e+04
2022 01 11  1511   59590   54660    0        5.7      391.7     5.25e+04
2022 01 11  1512   59590   54720    0        6.3      392.8     5.25e+04
2022 01 11  1513   59590   54780    0        5.4      392.7     5.12e+04
2022 01 11  1514   59590   54840    0        6.1      395.6     5.20e+04
2022 01 11  1515   59590   54900    0        5.1      392.5     4.92e+04
2022 01 11  1516   59590   54960    0        5.8      387.7     4.82e+04
2022 01 11  1517   59590   55020    0        5.9      389.4     4.89e+04
2022 01 11  1518   59590   55080    0        6.1      387.3     4.60e+04
2022 01 11  1519   59590   55140    0        5.6      389.2     4.94e+04
2022 01 11  1520   59590   55200    0        5.6      390.8     5.42e+04
2022 01 11  1521   59590   55260    0        5.7      390.7     5.44e+04
2022 01 11  1522   59590   55320    0        5.4      389.9     5.04e+04
2022 01 11  1523   59590   55380    0        4.8      391.5     4.91e+04
2022 01 11  1524   59590   55440    0        4.6      391.4     4.80e+04
2022 01 11  1525   59590   55500    0        4.9      387.3     4.61e+04
2022 01 11  1526   59590   55560    0        5.2      383.9     4.62e+04
2022 01 11  1527   59590   55620    0        5.9      380.6     4.35e+04
2022 01 11  1528   59590   55680    0        6.3      378.4     4.92e+04
2022 01 11  1529   59590   55740    0        7.4      379.7     5.41e+04
2022 01 11  1530   59590   55800    0        5.8    -9999.9    -1.00e+05
2022 01 11  1531   59590   55860    0        5.8      376.4     4.82e+04
2022 01 11  1532   59590   55920    0        6.5      380.5     5.14e+04
2022 01 11  1533   59590   55980    0        6.5      379.3     4.92e+04
2022 01 11  1534   59590   56040    0        6.2      375.5     4.58e+04
2022 01 11  1535   59590   56100    0        6.1      374.8     4.52e+04
2022 01 11  1536   59590   56160    0        5.9      386.5     4.81e+04
2022 01 11  1537   59590   56220    0        5.9      386.5     4.81e+04
2022 01 11  1538   59590   56280    0       10.5      394.4     4.70e+04
2022 01 11  1539   59590   56340    0        9.8      384.6     3.92e+04
2022 01 11  1540   59590   56400    0        9.1      374.8     3.14e+04
2022 01 11  1541   59590   56460    0        5.3      376.0     5.91e+04
2022 01 11  1542   59590   56520    0        5.3      376.3     5.47e+04
2022 01 11  1543   59590   56580    0        5.4      376.6     4.54e+04
2022 01 11  1544   59590   56640    0        5.7      375.5     4.78e+04
2022 01 11  1545   59590   56700    9    -9999.9    -9999.9    -1.00e+05
2022 01 11  1546   59590   56760    9    -9999.9    -9999.9    -1.00e+05
2022 01 11  1547   59590   56820    9    -9999.9    -9999.9    -1.00e+05
2022 01 11  1548   59590   56880    9    -9999.9    -9999.9    -1.00e+05
2022 01 11  1549   59590   56940    9    -9999.9    -9999.9    -1.00e+05
2022 01 11  1550   59590   57000    9    -9999.9    -9999.9    -1.00e+05
2022 01 11  1551   59590   57060    9    -9999.9    -9999.9    -1.00e+05
2022 01 11  1552   59590   57120    9    -9999.9    -9999.9    -1.00e+05
2022 01 11  1553   59590   57180    9    -9999.9    -9999.9    -1.00e+05
2022 01 11  1554   59590   57240    9    -9999.9    -9999.9    -1.00e+05
2022 01 11  1555   59590   57300    9    -9999.9    -9999.9    -1.00e+05
2022 01 11  1556   59590   57360    9    -9999.9    -9999.9    -1.00e+05
2022 01 11  1557   59590   57420    9    -9999.9    -9999.9    -1.00e+05
2022 01 11  1558   59590   57480    9    -9999.9    -9999.9    -1.00e+05
2022 01 11  1559   59590   57540    9    -9999.9    -9999.9    -1.00e+05
2022 01 11  1600   59590   57600    9    -9999.9    -9999.9    -1.00e+05
2022 01 11  1601   59590   57660    9    -9999.9    -9999.9    -1.00e+05
2022 01 11  1602   59590   57720    9    -9999.9    -9999.9    -1.00e+05
2022 01 11  1603   59590   57780    9    -9999.9    -9999.9    -1.00e+05
2022 01 11  1604   59590   57840    9    -9999.9    -9999.9    -1.00e+05
2022 01 11  1605   59590   57900    9    -9999.9    -9999.9    -1.00e+05
2022 01 11  1606   59590   57960    9    -9999.9    -9999.9    -1.00e+05
2022 01 11  1607   59590   58020    9    -9999.9    -9999.9    -1.00e+05
2022 01 11  1608   59590   58080    9    -9999.9    -9999.9    -1.00e+05
2022 01 11  1609   59590   58140    9    -9999.9    -9999.9    -1.00e+05
2022 01 11  1610   59590   58200    9    -9999.9    -9999.9    -1.00e+05
2022 01 11  1611   59590   58260    9    -9999.9    -9999.9    -1.00e+05
2022 01 11  1612   59590   58320    9    -9999.9    -9999.9    -1.00e+05
2022 01 11  1613   59590   58380    9    -9999.9    -9999.9    -1.00e+05
2022 01 11  1614   59590   58440    9    -9999.9    -9999.9    -1.00e+05
2022 01 11  1615   59590   58500    9    -9999.9    -9999.9    -1.00e+05
2022 01 11  1616   59590   58560    9    -9999.9    -9999.9    -1.00e+05
2022 01 11  1617   59590   58620    9    -9999.9    -9999.9    -1.00e+05
2022 01 11  1618   59590   58680    9    -9999.9    -9999.9    -1.00e+05
2022 01 11  1619   59590   58740    9    -9999.9    -9999.9    -1.00e+05
2022 01 11  1620   59590   58800    9    -9999.9    -9999.9    -1.00e+05
2022 01 11  1621   59590   58860    9    -9999.9    -9999.9    -1.00e+05
2022 01 11  1622   59590   58920    9    -9999.9    -9999.9    -1.00e+05
2022 01 11  1623   59590   58980    0        5.6      384.1     4.79e+04
2022 01 11  1624   59590   59040    0        4.5      386.7     4.33e+04
2022 01 11  1625   59590   59100    0        3.9      386.1     4.41e+04
2022 01 11  1626   59590   59160    0        4.0      386.6     4.45e+04
2022 01 11  1627   59590   59220    0        4.2      395.0     5.04e+04
2022 01 11  1628   59590   59280    0        4.3      402.1     5.72e+04
2022 01 11  1629   59590   59340    0        4.2      402.4     5.25e+04
2022 01 11  1630   59590   59400    0        4.3      403.2     5.43e+04
2022 01 11  1631   59590   59460    0        4.4      402.3     5.79e+04
2022 01 11  1632   59590   59520    0        4.3      389.5     5.99e+04
2022 01 11  1633   59590   59580    1        4.2      373.1     8.24e+04
2022 01 11  1634   59590   59640    0        4.3      371.6     8.97e+04
2022 01 11  1635   59590   59700    0        5.7      366.6     8.00e+04
2022 01 11  1636   59590   59760    0        5.8      372.1     6.26e+04
2022 01 11  1637   59590   59820    0        4.6      373.5     9.29e+04
2022 01 11  1638   59590   59880    0        5.6      379.1     8.51e+04
2022 01 11  1639   59590   59940    0        5.8      379.4     7.98e+04
2022 01 11  1640   59590   60000    0        4.9      381.3     8.74e+04
2022 01 11  1641   59590   60060    0        4.5      382.2     9.11e+04
2022 01 11  1642   59590   60120    0        4.9      384.2     6.77e+04
2022 01 11  1643   59590   60180    0        4.6      380.0     7.22e+04
2022 01 11  1644   59590   60240    0        4.3      377.2     7.68e+04
2022 01 11  1645   59590   60300    0        4.2      379.3     7.93e+04
2022 01 11  1646   59590   60360    0        4.4      379.0     8.08e+04
2022 01 11  1647   59590   60420    0        4.5      377.0     7.43e+04
2022 01 11  1648   59590   60480    0        4.8      374.9     7.05e+04
2022 01 11  1649   59590   60540    0        4.0      381.9     6.68e+04
2022 01 11  1650   59590   60600    0        3.9      380.8     7.38e+04
2022 01 11  1651   59590   60660    0        4.0      378.5     7.52e+04
2022 01 11  1652   59590   60720    0        4.2      375.5     7.15e+04
2022 01 11  1653   59590   60780    0        3.7      377.6     6.43e+04
2022 01 11  1654   59590   60840    0        3.9      375.3     6.79e+04
2022 01 11  1655   59590   60900    0        3.7      377.5     6.64e+04
2022 01 11  1656   59590   60960    0        4.0      378.8     7.98e+04
2022 01 11  1657   59590   61020    0        4.0      380.7     8.30e+04
2022 01 11  1658   59590   61080    1        3.9      378.7     7.62e+04
2022 01 11  1659   59590   61140    9    -9999.9    -9999.9    -1.00e+05
