:Data_list: 20220111_ace_mag_1m.txt
:Created: 2022 Jan 11 1701 UT
# Prepared by the U.S. Dept. of Commerce, NOAA, Space Weather Prediction Center
# Please send comments and suggestions to SWPC.Webmaster@noaa.gov 
# 
# Magnetometer values are in GSM coordinates.
# 
# Units: Bx, By, Bz, Bt in nT
# Units: Latitude  degrees +/-  90.0
# Units: Longitude degrees 0.0 - 360.0
# Status(S): 0 = nominal data, 1 to 8 = bad data record, 9 = no data
# Missing data values: -999.9
# Source: ACE Satellite - Magnetometer
#
#              1-minute averaged Real-time Interplanetary Magnetic Field Values 
# 
#                 Modified Seconds
# UT Date   Time  Julian   of the   ----------------  GSM Coordinates ---------------
# YR MO DA  HHMM    Day      Day    S     Bx      By      Bz      Bt     Lat.   Long.
#------------------------------------------------------------------------------------
2022 01 11  0000   59590       0    0    -3.0    -0.9    -2.2     3.8   -35.6   196.7
2022 01 11  0001   59590      60    0    -3.2    -0.9    -2.4     4.0   -35.6   195.5
2022 01 11  0002   59590     120    0    -3.0    -0.8    -2.5     4.0   -38.6   194.6
2022 01 11  0003   59590     180    0    -2.9    -0.8    -2.4     3.9   -38.5   194.6
2022 01 11  0004   59590     240    0    -3.0    -0.9    -2.3     3.9   -35.7   196.4
2022 01 11  0005   59590     300    0    -3.0    -0.9    -2.2     3.8   -35.0   196.4
2022 01 11  0006   59590     360    0    -3.2    -0.9    -2.2     3.9   -33.9   195.5
2022 01 11  0007   59590     420    9  -999.9  -999.9  -999.9  -999.9  -999.9  -999.9
2022 01 11  0008   59590     480    9  -999.9  -999.9  -999.9  -999.9  -999.9  -999.9
2022 01 11  0009   59590     540    9  -999.9  -999.9  -999.9  -999.9  -999.9  -999.9
2022 01 11  0010   59590     600    9  -999.9  -999.9  -999.9  -999.9  -999.9  -999.9
2022 01 11  0011   59590     660    9  -999.9  -999.9  -999.9  -999.9  -999.9  -999.9
2022 01 11  0012   59590     720    9  -999.9  -999.9  -999.9  -999.9  -999.9  -999.9
2022 01 11  0013   59590     780    9  -999.9  -999.9  -999.9  -999.9  -999.9  -999.9
2022 01 11  0014   59590     840    9  -999.9  -999.9  -999.9  -999.9  -999.9  -999.9
2022 01 11  0015   59590     900    9  -999.9  -999.9  -999.9  -999.9  -999.9  -999.9
2022 01 11  0016   59590     960    9  -999.9  -999.9  -999.9  -999.9  -999.9  -999.9
2022 01 11  0017   59590    1020    9  -999.9  -999.9  -999.9  -999.9  -999.9  -999.9
2022 01 11  0018   59590    1080    9  -999.9  -999.9  -999.9  -999.9  -999.9  -999.9
2022 01 11  0019   59590    1140    9  -999.9  -999.9  -999.9  -999.9  -999.9  -999.9
2022 01 11  0020   59590    1200    9  -999.9  -999.9  -999.9  -999.9  -999.9  -999.9
2022 01 11  0021   59590    1260    9  -999.9  -999.9  -999.9  -999.9  -999.9  -999.9
2022 01 11  0022   59590    1320    9  -999.9  -999.9  -999.9  -999.9  -999.9  -999.9
2022 01 11  0023   59590    1380    9  -999.9  -999.9  -999.9  -999.9  -999.9  -999.9
2022 01 11  0024   59590    1440    9  -999.9  -999.9  -999.9  -999.9  -999.9  -999.9
2022 01 11  0025   59590    1500    9  -999.9  -999.9  -999.9  -999.9  -999.9  -999.9
2022 01 11  0026   59590    1560    9  -999.9  -999.9  -999.9  -999.9  -999.9  -999.9
2022 01 11  0027   59590    1620    9  -999.9  -999.9  -999.9  -999.9  -999.9  -999.9
2022 01 11  0028   59590    1680    9  -999.9  -999.9  -999.9  -999.9  -999.9  -999.9
2022 01 11  0029   59590    1740    9  -999.9  -999.9  -999.9  -999.9  -999.9  -999.9
2022 01 11  0030   59590    1800    9  -999.9  -999.9  -999.9  -999.9  -999.9  -999.9
2022 01 11  0031   59590    1860    9  -999.9  -999.9  -999.9  -999.9  -999.9  -999.9
2022 01 11  0032   59590    1920    9  -999.9  -999.9  -999.9  -999.9  -999.9  -999.9
2022 01 11  0033   59590    1980    9  -999.9  -999.9  -999.9  -999.9  -999.9  -999.9
2022 01 11  0034   59590    2040    9  -999.9  -999.9  -999.9  -999.9  -999.9  -999.9
2022 01 11  0035   59590    2100    9  -999.9  -999.9  -999.9  -999.9  -999.9  -999.9
2022 01 11  0036   59590    2160    9  -999.9  -999.9  -999.9  -999.9  -999.9  -999.9
2022 01 11  0037   59590    2220    9  -999.9  -999.9  -999.9  -999.9  -999.9  -999.9
2022 01 11  0038   59590    2280    9  -999.9  -999.9  -999.9  -999.9  -999.9  -999.9
2022 01 11  0039   59590    2340    9  -999.9  -999.9  -999.9  -999.9  -999.9  -999.9
2022 01 11  0040   59590    2400    9  -999.9  -999.9  -999.9  -999.9  -999.9  -999.9
2022 01 11  0041   59590    2460    9  -999.9  -999.9  -999.9  -999.9  -999.9  -999.9
2022 01 11  0042   59590    2520    9  -999.9  -999.9  -999.9  -999.9  -999.9  -999.9
2022 01 11  0043   59590    2580    9  -999.9  -999.9  -999.9  -999.9  -999.9  -999.9
2022 01 11  0044   59590    2640    9  -999.9  -999.9  -999.9  -999.9  -999.9  -999.9
2022 01 11  0045   59590    2700    9  -999.9  -999.9  -999.9  -999.9  -999.9  -999.9
2022 01 11  0046   59590    2760    9  -999.9  -999.9  -999.9  -999.9  -999.9  -999.9
2022 01 11  0047   59590    2820    9  -999.9  -999.9  -999.9  -999.9  -999.9  -999.9
2022 01 11  0048   59590    2880    9  -999.9  -999.9  -999.9  -999.9  -999.9  -999.9
2022 01 11  0049   59590    2940    9  -999.9  -999.9  -999.9  -999.9  -999.9  -999.9
2022 01 11  0050   59590    3000    9  -999.9  -999.9  -999.9  -999.9  -999.9  -999.9
2022 01 11  0051   59590    3060    9  -999.9  -999.9  -999.9  -999.9  -999.9  -999.9
2022 01 11  0052   59590    3120    9  -999.9  -999.9  -999.9  -999.9  -999.9  -999.9
2022 01 11  0053   59590    3180    9  -999.9  -999.9  -999.9  -999.9  -999.9  -999.9
2022 01 11  0054   59590    3240    9  -999.9  -999.9  -999.9  -999.9  -999.9  -999.9
2022 01 11  0055   59590    3300    9  -999.9  -999.9  -999.9  -999.9  -999.9  -999.9
2022 01 11  0056   59590    3360    9  -999.9  -999.9  -999.9  -999.9  -999.9  -999.9
2022 01 11  0057   59590    3420    9  -999.9  -999.9  -999.9  -999.9  -999.9  -999.9
2022 01 11  0058   59590    3480    9  -999.9  -999.9  -999.9  -999.9  -999.9  -999.9
2022 01 11  0059   59590    3540    9  -999.9  -999.9  -999.9  -999.9  -999.9  -999.9
2022 01 11  0100   59590    3600    9  -999.9  -999.9  -999.9  -999.9  -999.9  -999.9
2022 01 11  0101   59590    3660    9  -999.9  -999.9  -999.9  -999.9  -999.9  -999.9
2022 01 11  0102   59590    3720    9  -999.9  -999.9  -999.9  -999.9  -999.9  -999.9
2022 01 11  0103   59590    3780    9  -999.9  -999.9  -999.9  -999.9  -999.9  -999.9
2022 01 11  0104   59590    3840    9  -999.9  -999.9  -999.9  -999.9  -999.9  -999.9
2022 01 11  0105   59590    3900    9  -999.9  -999.9  -999.9  -999.9  -999.9  -999.9
2022 01 11  0106   59590    3960    9  -999.9  -999.9  -999.9  -999.9  -999.9  -999.9
2022 01 11  0107   59590    4020    9  -999.9  -999.9  -999.9  -999.9  -999.9  -999.9
2022 01 11  0108   59590    4080    9  -999.9  -999.9  -999.9  -999.9  -999.9  -999.9
2022 01 11  0109   59590    4140    9  -999.9  -999.9  -999.9  -999.9  -999.9  -999.9
2022 01 11  0110   59590    4200    9  -999.9  -999.9  -999.9  -999.9  -999.9  -999.9
2022 01 11  0111   59590    4260    9  -999.9  -999.9  -999.9  -999.9  -999.9  -999.9
2022 01 11  0112   59590    4320    9  -999.9  -999.9  -999.9  -999.9  -999.9  -999.9
2022 01 11  0113   59590    4380    9  -999.9  -999.9  -999.9  -999.9  -999.9  -999.9
2022 01 11  0114   59590    4440    9  -999.9  -999.9  -999.9  -999.9  -999.9  -999.9
2022 01 11  0115   59590    4500    9  -999.9  -999.9  -999.9  -999.9  -999.9  -999.9
2022 01 11  0116   59590    4560    9  -999.9  -999.9  -999.9  -999.9  -999.9  -999.9
2022 01 11  0117   59590    4620    9  -999.9  -999.9  -999.9  -999.9  -999.9  -999.9
2022 01 11  0118   59590    4680    9  -999.9  -999.9  -999.9  -999.9  -999.9  -999.9
2022 01 11  0119   59590    4740    9  -999.9  -999.9  -999.9  -999.9  -999.9  -999.9
2022 01 11  0120   59590    4800    9  -999.9  -999.9  -999.9  -999.9  -999.9  -999.9
2022 01 11  0121   59590    4860    9  -999.9  -999.9  -999.9  -999.9  -999.9  -999.9
2022 01 11  0122   59590    4920    9  -999.9  -999.9  -999.9  -999.9  -999.9  -999.9
2022 01 11  0123   59590    4980    9  -999.9  -999.9  -999.9  -999.9  -999.9  -999.9
2022 01 11  0124   59590    5040    9  -999.9  -999.9  -999.9  -999.9  -999.9  -999.9
2022 01 11  0125   59590    5100    9  -999.9  -999.9  -999.9  -999.9  -999.9  -999.9
2022 01 11  0126   59590    5160    9  -999.9  -999.9  -999.9  -999.9  -999.9  -999.9
2022 01 11  0127   59590    5220    9  -999.9  -999.9  -999.9  -999.9  -999.9  -999.9
2022 01 11  0128   59590    5280    9  -999.9  -999.9  -999.9  -999.9  -999.9  -999.9
2022 01 11  0129   59590    5340    9  -999.9  -999.9  -999.9  -999.9  -999.9  -999.9
2022 01 11  0130   59590    5400    9  -999.9  -999.9  -999.9  -999.9  -999.9  -999.9
2022 01 11  0131   59590    5460    9  -999.9  -999.9  -999.9  -999.9  -999.9  -999.9
2022 01 11  0132   59590    5520    9  -999.9  -999.9  -999.9  -999.9  -999.9  -999.9
2022 01 11  0133   59590    5580    9  -999.9  -999.9  -999.9  -999.9  -999.9  -999.9
2022 01 11  0134   59590    5640    9  -999.9  -999.9  -999.9  -999.9  -999.9  -999.9
2022 01 11  0135   59590    5700    9  -999.9  -999.9  -999.9  -999.9  -999.9  -999.9
2022 01 11  0136   59590    5760    9  -999.9  -999.9  -999.9  -999.9  -999.9  -999.9
2022 01 11  0137   59590    5820    9  -999.9  -999.9  -999.9  -999.9  -999.9  -999.9
2022 01 11  0138   59590    5880    9  -999.9  -999.9  -999.9  -999.9  -999.9  -999.9
2022 01 11  0139   59590    5940    9  -999.9  -999.9  -999.9  -999.9  -999.9  -999.9
2022 01 11  0140   59590    6000    9  -999.9  -999.9  -999.9  -999.9  -999.9  -999.9
2022 01 11  0141   59590    6060    9  -999.9  -999.9  -999.9  -999.9  -999.9  -999.9
2022 01 11  0142   59590    6120    9  -999.9  -999.9  -999.9  -999.9  -999.9  -999.9
2022 01 11  0143   59590    6180    9  -999.9  -999.9  -999.9  -999.9  -999.9  -999.9
2022 01 11  0144   59590    6240    9  -999.9  -999.9  -999.9  -999.9  -999.9  -999.9
2022 01 11  0145   59590    6300    9  -999.9  -999.9  -999.9  -999.9  -999.9  -999.9
2022 01 11  0146   59590    6360    9  -999.9  -999.9  -999.9  -999.9  -999.9  -999.9
2022 01 11  0147   59590    6420    9  -999.9  -999.9  -999.9  -999.9  -999.9  -999.9
2022 01 11  0148   59590    6480    9  -999.9  -999.9  -999.9  -999.9  -999.9  -999.9
2022 01 11  0149   59590    6540    9  -999.9  -999.9  -999.9  -999.9  -999.9  -999.9
2022 01 11  0150   59590    6600    9  -999.9  -999.9  -999.9  -999.9  -999.9  -999.9
2022 01 11  0151   59590    6660    9  -999.9  -999.9  -999.9  -999.9  -999.9  -999.9
2022 01 11  0152   59590    6720    9  -999.9  -999.9  -999.9  -999.9  -999.9  -999.9
2022 01 11  0153   59590    6780    9  -999.9  -999.9  -999.9  -999.9  -999.9  -999.9
2022 01 11  0154   59590    6840    9  -999.9  -999.9  -999.9  -999.9  -999.9  -999.9
2022 01 11  0155   59590    6900    9  -999.9  -999.9  -999.9  -999.9  -999.9  -999.9
2022 01 11  0156   59590    6960    9  -999.9  -999.9  -999.9  -999.9  -999.9  -999.9
2022 01 11  0157   59590    7020    9  -999.9  -999.9  -999.9  -999.9  -999.9  -999.9
2022 01 11  0158   59590    7080    9  -999.9  -999.9  -999.9  -999.9  -999.9  -999.9
2022 01 11  0159   59590    7140    9  -999.9  -999.9  -999.9  -999.9  -999.9  -999.9
2022 01 11  0200   59590    7200    9  -999.9  -999.9  -999.9  -999.9  -999.9  -999.9
2022 01 11  0201   59590    7260    9  -999.9  -999.9  -999.9  -999.9  -999.9  -999.9
2022 01 11  0202   59590    7320    9  -999.9  -999.9  -999.9  -999.9  -999.9  -999.9
2022 01 11  0203   59590    7380    9  -999.9  -999.9  -999.9  -999.9  -999.9  -999.9
2022 01 11  0204   59590    7440    9  -999.9  -999.9  -999.9  -999.9  -999.9  -999.9
2022 01 11  0205   59590    7500    9  -999.9  -999.9  -999.9  -999.9  -999.9  -999.9
2022 01 11  0206   59590    7560    9  -999.9  -999.9  -999.9  -999.9  -999.9  -999.9
2022 01 11  0207   59590    7620    9  -999.9  -999.9  -999.9  -999.9  -999.9  -999.9
2022 01 11  0208   59590    7680    9  -999.9  -999.9  -999.9  -999.9  -999.9  -999.9
2022 01 11  0209   59590    7740    9  -999.9  -999.9  -999.9  -999.9  -999.9  -999.9
2022 01 11  0210   59590    7800    9  -999.9  -999.9  -999.9  -999.9  -999.9  -999.9
2022 01 11  0211   59590    7860    9  -999.9  -999.9  -999.9  -999.9  -999.9  -999.9
2022 01 11  0212   59590    7920    9  -999.9  -999.9  -999.9  -999.9  -999.9  -999.9
2022 01 11  0213   59590    7980    9  -999.9  -999.9  -999.9  -999.9  -999.9  -999.9
2022 01 11  0214   59590    8040    9  -999.9  -999.9  -999.9  -999.9  -999.9  -999.9
2022 01 11  0215   59590    8100    9  -999.9  -999.9  -999.9  -999.9  -999.9  -999.9
2022 01 11  0216   59590    8160    9  -999.9  -999.9  -999.9  -999.9  -999.9  -999.9
2022 01 11  0217   59590    8220    9  -999.9  -999.9  -999.9  -999.9  -999.9  -999.9
2022 01 11  0218   59590    8280    9  -999.9  -999.9  -999.9  -999.9  -999.9  -999.9
2022 01 11  0219   59590    8340    9  -999.9  -999.9  -999.9  -999.9  -999.9  -999.9
2022 01 11  0220   59590    8400    9  -999.9  -999.9  -999.9  -999.9  -999.9  -999.9
2022 01 11  0221   59590    8460    9  -999.9  -999.9  -999.9  -999.9  -999.9  -999.9
2022 01 11  0222   59590    8520    9  -999.9  -999.9  -999.9  -999.9  -999.9  -999.9
2022 01 11  0223   59590    8580    9  -999.9  -999.9  -999.9  -999.9  -999.9  -999.9
2022 01 11  0224   59590    8640    9  -999.9  -999.9  -999.9  -999.9  -999.9  -999.9
2022 01 11  0225   59590    8700    9  -999.9  -999.9  -999.9  -999.9  -999.9  -999.9
2022 01 11  0226   59590    8760    9  -999.9  -999.9  -999.9  -999.9  -999.9  -999.9
2022 01 11  0227   59590    8820    9  -999.9  -999.9  -999.9  -999.9  -999.9  -999.9
2022 01 11  0228   59590    8880    9  -999.9  -999.9  -999.9  -999.9  -999.9  -999.9
2022 01 11  0229   59590    8940    9  -999.9  -999.9  -999.9  -999.9  -999.9  -999.9
2022 01 11  0230   59590    9000    9  -999.9  -999.9  -999.9  -999.9  -999.9  -999.9
2022 01 11  0231   59590    9060    9  -999.9  -999.9  -999.9  -999.9  -999.9  -999.9
2022 01 11  0232   59590    9120    9  -999.9  -999.9  -999.9  -999.9  -999.9  -999.9
2022 01 11  0233   59590    9180    9  -999.9  -999.9  -999.9  -999.9  -999.9  -999.9
2022 01 11  0234   59590    9240    9  -999.9  -999.9  -999.9  -999.9  -999.9  -999.9
2022 01 11  0235   59590    9300    9  -999.9  -999.9  -999.9  -999.9  -999.9  -999.9
2022 01 11  0236   59590    9360    9  -999.9  -999.9  -999.9  -999.9  -999.9  -999.9
2022 01 11  0237   59590    9420    9  -999.9  -999.9  -999.9  -999.9  -999.9  -999.9
2022 01 11  0238   59590    9480    9  -999.9  -999.9  -999.9  -999.9  -999.9  -999.9
2022 01 11  0239   59590    9540    9  -999.9  -999.9  -999.9  -999.9  -999.9  -999.9
2022 01 11  0240   59590    9600    9  -999.9  -999.9  -999.9  -999.9  -999.9  -999.9
2022 01 11  0241   59590    9660    9  -999.9  -999.9  -999.9  -999.9  -999.9  -999.9
2022 01 11  0242   59590    9720    9  -999.9  -999.9  -999.9  -999.9  -999.9  -999.9
2022 01 11  0243   59590    9780    9  -999.9  -999.9  -999.9  -999.9  -999.9  -999.9
2022 01 11  0244   59590    9840    9  -999.9  -999.9  -999.9  -999.9  -999.9  -999.9
2022 01 11  0245   59590    9900    9  -999.9  -999.9  -999.9  -999.9  -999.9  -999.9
2022 01 11  0246   59590    9960    9  -999.9  -999.9  -999.9  -999.9  -999.9  -999.9
2022 01 11  0247   59590   10020    9  -999.9  -999.9  -999.9  -999.9  -999.9  -999.9
2022 01 11  0248   59590   10080    9  -999.9  -999.9  -999.9  -999.9  -999.9  -999.9
2022 01 11  0249   59590   10140    9  -999.9  -999.9  -999.9  -999.9  -999.9  -999.9
2022 01 11  0250   59590   10200    9  -999.9  -999.9  -999.9  -999.9  -999.9  -999.9
2022 01 11  0251   59590   10260    9  -999.9  -999.9  -999.9  -999.9  -999.9  -999.9
2022 01 11  0252   59590   10320    9  -999.9  -999.9  -999.9  -999.9  -999.9  -999.9
2022 01 11  0253   59590   10380    9  -999.9  -999.9  -999.9  -999.9  -999.9  -999.9
2022 01 11  0254   59590   10440    9  -999.9  -999.9  -999.9  -999.9  -999.9  -999.9
2022 01 11  0255   59590   10500    9  -999.9  -999.9  -999.9  -999.9  -999.9  -999.9
2022 01 11  0256   59590   10560    9  -999.9  -999.9  -999.9  -999.9  -999.9  -999.9
2022 01 11  0257   59590   10620    9  -999.9  -999.9  -999.9  -999.9  -999.9  -999.9
2022 01 11  0258   59590   10680    9  -999.9  -999.9  -999.9  -999.9  -999.9  -999.9
2022 01 11  0259   59590   10740    9  -999.9  -999.9  -999.9  -999.9  -999.9  -999.9
2022 01 11  0300   59590   10800    9  -999.9  -999.9  -999.9  -999.9  -999.9  -999.9
2022 01 11  0301   59590   10860    9  -999.9  -999.9  -999.9  -999.9  -999.9  -999.9
2022 01 11  0302   59590   10920    9  -999.9  -999.9  -999.9  -999.9  -999.9  -999.9
2022 01 11  0303   59590   10980    9  -999.9  -999.9  -999.9  -999.9  -999.9  -999.9
2022 01 11  0304   59590   11040    9  -999.9  -999.9  -999.9  -999.9  -999.9  -999.9
2022 01 11  0305   59590   11100    9  -999.9  -999.9  -999.9  -999.9  -999.9  -999.9
2022 01 11  0306   59590   11160    9  -999.9  -999.9  -999.9  -999.9  -999.9  -999.9
2022 01 11  0307   59590   11220    9  -999.9  -999.9  -999.9  -999.9  -999.9  -999.9
2022 01 11  0308   59590   11280    9  -999.9  -999.9  -999.9  -999.9  -999.9  -999.9
2022 01 11  0309   59590   11340    9  -999.9  -999.9  -999.9  -999.9  -999.9  -999.9
2022 01 11  0310   59590   11400    9  -999.9  -999.9  -999.9  -999.9  -999.9  -999.9
2022 01 11  0311   59590   11460    9  -999.9  -999.9  -999.9  -999.9  -999.9  -999.9
2022 01 11  0312   59590   11520    9  -999.9  -999.9  -999.9  -999.9  -999.9  -999.9
2022 01 11  0313   59590   11580    9  -999.9  -999.9  -999.9  -999.9  -999.9  -999.9
2022 01 11  0314   59590   11640    9  -999.9  -999.9  -999.9  -999.9  -999.9  -999.9
2022 01 11  0315   59590   11700    9  -999.9  -999.9  -999.9  -999.9  -999.9  -999.9
2022 01 11  0316   59590   11760    9  -999.9  -999.9  -999.9  -999.9  -999.9  -999.9
2022 01 11  0317   59590   11820    9  -999.9  -999.9  -999.9  -999.9  -999.9  -999.9
2022 01 11  0318   59590   11880    9  -999.9  -999.9  -999.9  -999.9  -999.9  -999.9
2022 01 11  0319   59590   11940    9  -999.9  -999.9  -999.9  -999.9  -999.9  -999.9
2022 01 11  0320   59590   12000    9  -999.9  -999.9  -999.9  -999.9  -999.9  -999.9
2022 01 11  0321   59590   12060    9  -999.9  -999.9  -999.9  -999.9  -999.9  -999.9
2022 01 11  0322   59590   12120    9  -999.9  -999.9  -999.9  -999.9  -999.9  -999.9
2022 01 11  0323   59590   12180    9  -999.9  -999.9  -999.9  -999.9  -999.9  -999.9
2022 01 11  0324   59590   12240    9  -999.9  -999.9  -999.9  -999.9  -999.9  -999.9
2022 01 11  0325   59590   12300    9  -999.9  -999.9  -999.9  -999.9  -999.9  -999.9
2022 01 11  0326   59590   12360    9  -999.9  -999.9  -999.9  -999.9  -999.9  -999.9
2022 01 11  0327   59590   12420    9  -999.9  -999.9  -999.9  -999.9  -999.9  -999.9
2022 01 11  0328   59590   12480    9  -999.9  -999.9  -999.9  -999.9  -999.9  -999.9
2022 01 11  0329   59590   12540    9  -999.9  -999.9  -999.9  -999.9  -999.9  -999.9
2022 01 11  0330   59590   12600    9  -999.9  -999.9  -999.9  -999.9  -999.9  -999.9
2022 01 11  0331   59590   12660    9  -999.9  -999.9  -999.9  -999.9  -999.9  -999.9
2022 01 11  0332   59590   12720    9  -999.9  -999.9  -999.9  -999.9  -999.9  -999.9
2022 01 11  0333   59590   12780    9  -999.9  -999.9  -999.9  -999.9  -999.9  -999.9
2022 01 11  0334   59590   12840    9  -999.9  -999.9  -999.9  -999.9  -999.9  -999.9
2022 01 11  0335   59590   12900    9  -999.9  -999.9  -999.9  -999.9  -999.9  -999.9
2022 01 11  0336   59590   12960    9  -999.9  -999.9  -999.9  -999.9  -999.9  -999.9
2022 01 11  0337   59590   13020    9  -999.9  -999.9  -999.9  -999.9  -999.9  -999.9
2022 01 11  0338   59590   13080    9  -999.9  -999.9  -999.9  -999.9  -999.9  -999.9
2022 01 11  0339   59590   13140    9  -999.9  -999.9  -999.9  -999.9  -999.9  -999.9
2022 01 11  0340   59590   13200    9  -999.9  -999.9  -999.9  -999.9  -999.9  -999.9
2022 01 11  0341   59590   13260    9  -999.9  -999.9  -999.9  -999.9  -999.9  -999.9
2022 01 11  0342   59590   13320    9  -999.9  -999.9  -999.9  -999.9  -999.9  -999.9
2022 01 11  0343   59590   13380    9  -999.9  -999.9  -999.9  -999.9  -999.9  -999.9
2022 01 11  0344   59590   13440    9  -999.9  -999.9  -999.9  -999.9  -999.9  -999.9
2022 01 11  0345   59590   13500    9  -999.9  -999.9  -999.9  -999.9  -999.9  -999.9
2022 01 11  0346   59590   13560    9  -999.9  -999.9  -999.9  -999.9  -999.9  -999.9
2022 01 11  0347   59590   13620    9  -999.9  -999.9  -999.9  -999.9  -999.9  -999.9
2022 01 11  0348   59590   13680    9  -999.9  -999.9  -999.9  -999.9  -999.9  -999.9
2022 01 11  0349   59590   13740    9  -999.9  -999.9  -999.9  -999.9  -999.9  -999.9
2022 01 11  0350   59590   13800    9  -999.9  -999.9  -999.9  -999.9  -999.9  -999.9
2022 01 11  0351   59590   13860    9  -999.9  -999.9  -999.9  -999.9  -999.9  -999.9
2022 01 11  0352   59590   13920    9  -999.9  -999.9  -999.9  -999.9  -999.9  -999.9
2022 01 11  0353   59590   13980    9  -999.9  -999.9  -999.9  -999.9  -999.9  -999.9
2022 01 11  0354   59590   14040    9  -999.9  -999.9  -999.9  -999.9  -999.9  -999.9
2022 01 11  0355   59590   14100    9  -999.9  -999.9  -999.9  -999.9  -999.9  -999.9
2022 01 11  0356   59590   14160    9  -999.9  -999.9  -999.9  -999.9  -999.9  -999.9
2022 01 11  0357   59590   14220    9  -999.9  -999.9  -999.9  -999.9  -999.9  -999.9
2022 01 11  0358   59590   14280    9  -999.9  -999.9  -999.9  -999.9  -999.9  -999.9
2022 01 11  0359   59590   14340    9  -999.9  -999.9  -999.9  -999.9  -999.9  -999.9
2022 01 11  0400   59590   14400    9  -999.9  -999.9  -999.9  -999.9  -999.9  -999.9
2022 01 11  0401   59590   14460    9  -999.9  -999.9  -999.9  -999.9  -999.9  -999.9
2022 01 11  0402   59590   14520    9  -999.9  -999.9  -999.9  -999.9  -999.9  -999.9
2022 01 11  0403   59590   14580    9  -999.9  -999.9  -999.9  -999.9  -999.9  -999.9
2022 01 11  0404   59590   14640    9  -999.9  -999.9  -999.9  -999.9  -999.9  -999.9
2022 01 11  0405   59590   14700    9  -999.9  -999.9  -999.9  -999.9  -999.9  -999.9
2022 01 11  0406   59590   14760    9  -999.9  -999.9  -999.9  -999.9  -999.9  -999.9
2022 01 11  0407   59590   14820    9  -999.9  -999.9  -999.9  -999.9  -999.9  -999.9
2022 01 11  0408   59590   14880    9  -999.9  -999.9  -999.9  -999.9  -999.9  -999.9
2022 01 11  0409   59590   14940    9  -999.9  -999.9  -999.9  -999.9  -999.9  -999.9
2022 01 11  0410   59590   15000    9  -999.9  -999.9  -999.9  -999.9  -999.9  -999.9
2022 01 11  0411   59590   15060    9  -999.9  -999.9  -999.9  -999.9  -999.9  -999.9
2022 01 11  0412   59590   15120    9  -999.9  -999.9  -999.9  -999.9  -999.9  -999.9
2022 01 11  0413   59590   15180    9  -999.9  -999.9  -999.9  -999.9  -999.9  -999.9
2022 01 11  0414   59590   15240    9  -999.9  -999.9  -999.9  -999.9  -999.9  -999.9
2022 01 11  0415   59590   15300    9  -999.9  -999.9  -999.9  -999.9  -999.9  -999.9
2022 01 11  0416   59590   15360    9  -999.9  -999.9  -999.9  -999.9  -999.9  -999.9
2022 01 11  0417   59590   15420    9  -999.9  -999.9  -999.9  -999.9  -999.9  -999.9
2022 01 11  0418   59590   15480    9  -999.9  -999.9  -999.9  -999.9  -999.9  -999.9
2022 01 11  0419   59590   15540    9  -999.9  -999.9  -999.9  -999.9  -999.9  -999.9
2022 01 11  0420   59590   15600    9  -999.9  -999.9  -999.9  -999.9  -999.9  -999.9
2022 01 11  0421   59590   15660    9  -999.9  -999.9  -999.9  -999.9  -999.9  -999.9
2022 01 11  0422   59590   15720    9  -999.9  -999.9  -999.9  -999.9  -999.9  -999.9
2022 01 11  0423   59590   15780    9  -999.9  -999.9  -999.9  -999.9  -999.9  -999.9
2022 01 11  0424   59590   15840    9  -999.9  -999.9  -999.9  -999.9  -999.9  -999.9
2022 01 11  0425   59590   15900    9  -999.9  -999.9  -999.9  -999.9  -999.9  -999.9
2022 01 11  0426   59590   15960    9  -999.9  -999.9  -999.9  -999.9  -999.9  -999.9
2022 01 11  0427   59590   16020    9  -999.9  -999.9  -999.9  -999.9  -999.9  -999.9
2022 01 11  0428   59590   16080    9  -999.9  -999.9  -999.9  -999.9  -999.9  -999.9
2022 01 11  0429   59590   16140    9  -999.9  -999.9  -999.9  -999.9  -999.9  -999.9
2022 01 11  0430   59590   16200    9  -999.9  -999.9  -999.9  -999.9  -999.9  -999.9
2022 01 11  0431   59590   16260    9  -999.9  -999.9  -999.9  -999.9  -999.9  -999.9
2022 01 11  0432   59590   16320    9  -999.9  -999.9  -999.9  -999.9  -999.9  -999.9
2022 01 11  0433   59590   16380    9  -999.9  -999.9  -999.9  -999.9  -999.9  -999.9
2022 01 11  0434   59590   16440    9  -999.9  -999.9  -999.9  -999.9  -999.9  -999.9
2022 01 11  0435   59590   16500    9  -999.9  -999.9  -999.9  -999.9  -999.9  -999.9
2022 01 11  0436   59590   16560    9  -999.9  -999.9  -999.9  -999.9  -999.9  -999.9
2022 01 11  0437   59590   16620    9  -999.9  -999.9  -999.9  -999.9  -999.9  -999.9
2022 01 11  0438   59590   16680    9  -999.9  -999.9  -999.9  -999.9  -999.9  -999.9
2022 01 11  0439   59590   16740    9  -999.9  -999.9  -999.9  -999.9  -999.9  -999.9
2022 01 11  0440   59590   16800    9  -999.9  -999.9  -999.9  -999.9  -999.9  -999.9
2022 01 11  0441   59590   16860    9  -999.9  -999.9  -999.9  -999.9  -999.9  -999.9
2022 01 11  0442   59590   16920    9  -999.9  -999.9  -999.9  -999.9  -999.9  -999.9
2022 01 11  0443   59590   16980    9  -999.9  -999.9  -999.9  -999.9  -999.9  -999.9
2022 01 11  0444   59590   17040    9  -999.9  -999.9  -999.9  -999.9  -999.9  -999.9
2022 01 11  0445   59590   17100    9  -999.9  -999.9  -999.9  -999.9  -999.9  -999.9
2022 01 11  0446   59590   17160    9  -999.9  -999.9  -999.9  -999.9  -999.9  -999.9
2022 01 11  0447   59590   17220    9  -999.9  -999.9  -999.9  -999.9  -999.9  -999.9
2022 01 11  0448   59590   17280    9  -999.9  -999.9  -999.9  -999.9  -999.9  -999.9
2022 01 11  0449   59590   17340    9  -999.9  -999.9  -999.9  -999.9  -999.9  -999.9
2022 01 11  0450   59590   17400    9  -999.9  -999.9  -999.9  -999.9  -999.9  -999.9
2022 01 11  0451   59590   17460    9  -999.9  -999.9  -999.9  -999.9  -999.9  -999.9
2022 01 11  0452   59590   17520    9  -999.9  -999.9  -999.9  -999.9  -999.9  -999.9
2022 01 11  0453   59590   17580    9  -999.9  -999.9  -999.9  -999.9  -999.9  -999.9
2022 01 11  0454   59590   17640    9  -999.9  -999.9  -999.9  -999.9  -999.9  -999.9
2022 01 11  0455   59590   17700    9  -999.9  -999.9  -999.9  -999.9  -999.9  -999.9
2022 01 11  0456   59590   17760    9  -999.9  -999.9  -999.9  -999.9  -999.9  -999.9
2022 01 11  0457   59590   17820    9  -999.9  -999.9  -999.9  -999.9  -999.9  -999.9
2022 01 11  0458   59590   17880    9  -999.9  -999.9  -999.9  -999.9  -999.9  -999.9
2022 01 11  0459   59590   17940    9  -999.9  -999.9  -999.9  -999.9  -999.9  -999.9
2022 01 11  0500   59590   18000    9  -999.9  -999.9  -999.9  -999.9  -999.9  -999.9
2022 01 11  0501   59590   18060    9  -999.9  -999.9  -999.9  -999.9  -999.9  -999.9
2022 01 11  0502   59590   18120    9  -999.9  -999.9  -999.9  -999.9  -999.9  -999.9
2022 01 11  0503   59590   18180    9  -999.9  -999.9  -999.9  -999.9  -999.9  -999.9
2022 01 11  0504   59590   18240    9  -999.9  -999.9  -999.9  -999.9  -999.9  -999.9
2022 01 11  0505   59590   18300    9  -999.9  -999.9  -999.9  -999.9  -999.9  -999.9
2022 01 11  0506   59590   18360    9  -999.9  -999.9  -999.9  -999.9  -999.9  -999.9
2022 01 11  0507   59590   18420    9  -999.9  -999.9  -999.9  -999.9  -999.9  -999.9
2022 01 11  0508   59590   18480    9  -999.9  -999.9  -999.9  -999.9  -999.9  -999.9
2022 01 11  0509   59590   18540    9  -999.9  -999.9  -999.9  -999.9  -999.9  -999.9
2022 01 11  0510   59590   18600    9  -999.9  -999.9  -999.9  -999.9  -999.9  -999.9
2022 01 11  0511   59590   18660    9  -999.9  -999.9  -999.9  -999.9  -999.9  -999.9
2022 01 11  0512   59590   18720    9  -999.9  -999.9  -999.9  -999.9  -999.9  -999.9
2022 01 11  0513   59590   18780    9  -999.9  -999.9  -999.9  -999.9  -999.9  -999.9
2022 01 11  0514   59590   18840    9  -999.9  -999.9  -999.9  -999.9  -999.9  -999.9
2022 01 11  0515   59590   18900    9  -999.9  -999.9  -999.9  -999.9  -999.9  -999.9
2022 01 11  0516   59590   18960    9  -999.9  -999.9  -999.9  -999.9  -999.9  -999.9
2022 01 11  0517   59590   19020    9  -999.9  -999.9  -999.9  -999.9  -999.9  -999.9
2022 01 11  0518   59590   19080    9  -999.9  -999.9  -999.9  -999.9  -999.9  -999.9
2022 01 11  0519   59590   19140    9  -999.9  -999.9  -999.9  -999.9  -999.9  -999.9
2022 01 11  0520   59590   19200    9  -999.9  -999.9  -999.9  -999.9  -999.9  -999.9
2022 01 11  0521   59590   19260    9  -999.9  -999.9  -999.9  -999.9  -999.9  -999.9
2022 01 11  0522   59590   19320    9  -999.9  -999.9  -999.9  -999.9  -999.9  -999.9
2022 01 11  0523   59590   19380    9  -999.9  -999.9  -999.9  -999.9  -999.9  -999.9
2022 01 11  0524   59590   19440    9  -999.9  -999.9  -999.9  -999.9  -999.9  -999.9
2022 01 11  0525   59590   19500    9  -999.9  -999.9  -999.9  -999.9  -999.9  -999.9
2022 01 11  0526   59590   19560    9  -999.9  -999.9  -999.9  -999.9  -999.9  -999.9
2022 01 11  0527   59590   19620    9  -999.9  -999.9  -999.9  -999.9  -999.9  -999.9
2022 01 11  0528   59590   19680    9  -999.9  -999.9  -999.9  -999.9  -999.9  -999.9
2022 01 11  0529   59590   19740    9  -999.9  -999.9  -999.9  -999.9  -999.9  -999.9
2022 01 11  0530   59590   19800    9  -999.9  -999.9  -999.9  -999.9  -999.9  -999.9
2022 01 11  0531   59590   19860    9  -999.9  -999.9  -999.9  -999.9  -999.9  -999.9
2022 01 11  0532   59590   19920    9  -999.9  -999.9  -999.9  -999.9  -999.9  -999.9
2022 01 11  0533   59590   19980    9  -999.9  -999.9  -999.9  -999.9  -999.9  -999.9
2022 01 11  0534   59590   20040    9  -999.9  -999.9  -999.9  -999.9  -999.9  -999.9
2022 01 11  0535   59590   20100    9  -999.9  -999.9  -999.9  -999.9  -999.9  -999.9
2022 01 11  0536   59590   20160    9  -999.9  -999.9  -999.9  -999.9  -999.9  -999.9
2022 01 11  0537   59590   20220    9  -999.9  -999.9  -999.9  -999.9  -999.9  -999.9
2022 01 11  0538   59590   20280    9  -999.9  -999.9  -999.9  -999.9  -999.9  -999.9
2022 01 11  0539   59590   20340    9  -999.9  -999.9  -999.9  -999.9  -999.9  -999.9
2022 01 11  0540   59590   20400    9  -999.9  -999.9  -999.9  -999.9  -999.9  -999.9
2022 01 11  0541   59590   20460    9  -999.9  -999.9  -999.9  -999.9  -999.9  -999.9
2022 01 11  0542   59590   20520    9  -999.9  -999.9  -999.9  -999.9  -999.9  -999.9
2022 01 11  0543   59590   20580    9  -999.9  -999.9  -999.9  -999.9  -999.9  -999.9
2022 01 11  0544   59590   20640    9  -999.9  -999.9  -999.9  -999.9  -999.9  -999.9
2022 01 11  0545   59590   20700    9  -999.9  -999.9  -999.9  -999.9  -999.9  -999.9
2022 01 11  0546   59590   20760    9  -999.9  -999.9  -999.9  -999.9  -999.9  -999.9
2022 01 11  0547   59590   20820    9  -999.9  -999.9  -999.9  -999.9  -999.9  -999.9
2022 01 11  0548   59590   20880    9  -999.9  -999.9  -999.9  -999.9  -999.9  -999.9
2022 01 11  0549   59590   20940    9  -999.9  -999.9  -999.9  -999.9  -999.9  -999.9
2022 01 11  0550   59590   21000    9  -999.9  -999.9  -999.9  -999.9  -999.9  -999.9
2022 01 11  0551   59590   21060    9  -999.9  -999.9  -999.9  -999.9  -999.9  -999.9
2022 01 11  0552   59590   21120    9  -999.9  -999.9  -999.9  -999.9  -999.9  -999.9
2022 01 11  0553   59590   21180    9  -999.9  -999.9  -999.9  -999.9  -999.9  -999.9
2022 01 11  0554   59590   21240    9  -999.9  -999.9  -999.9  -999.9  -999.9  -999.9
2022 01 11  0555   59590   21300    9  -999.9  -999.9  -999.9  -999.9  -999.9  -999.9
2022 01 11  0556   59590   21360    9  -999.9  -999.9  -999.9  -999.9  -999.9  -999.9
2022 01 11  0557   59590   21420    9  -999.9  -999.9  -999.9  -999.9  -999.9  -999.9
2022 01 11  0558   59590   21480    9  -999.9  -999.9  -999.9  -999.9  -999.9  -999.9
2022 01 11  0559   59590   21540    9  -999.9  -999.9  -999.9  -999.9  -999.9  -999.9
2022 01 11  0600   59590   21600    9  -999.9  -999.9  -999.9  -999.9  -999.9  -999.9
2022 01 11  0601   59590   21660    9  -999.9  -999.9  -999.9  -999.9  -999.9  -999.9
2022 01 11  0602   59590   21720    9  -999.9  -999.9  -999.9  -999.9  -999.9  -999.9
2022 01 11  0603   59590   21780    9  -999.9  -999.9  -999.9  -999.9  -999.9  -999.9
2022 01 11  0604   59590   21840    9  -999.9  -999.9  -999.9  -999.9  -999.9  -999.9
2022 01 11  0605   59590   21900    9  -999.9  -999.9  -999.9  -999.9  -999.9  -999.9
2022 01 11  0606   59590   21960    9  -999.9  -999.9  -999.9  -999.9  -999.9  -999.9
2022 01 11  0607   59590   22020    9  -999.9  -999.9  -999.9  -999.9  -999.9  -999.9
2022 01 11  0608   59590   22080    9  -999.9  -999.9  -999.9  -999.9  -999.9  -999.9
2022 01 11  0609   59590   22140    9  -999.9  -999.9  -999.9  -999.9  -999.9  -999.9
2022 01 11  0610   59590   22200    9  -999.9  -999.9  -999.9  -999.9  -999.9  -999.9
2022 01 11  0611   59590   22260    9  -999.9  -999.9  -999.9  -999.9  -999.9  -999.9
2022 01 11  0612   59590   22320    9  -999.9  -999.9  -999.9  -999.9  -999.9  -999.9
2022 01 11  0613   59590   22380    9  -999.9  -999.9  -999.9  -999.9  -999.9  -999.9
2022 01 11  0614   59590   22440    9  -999.9  -999.9  -999.9  -999.9  -999.9  -999.9
2022 01 11  0615   59590   22500    9  -999.9  -999.9  -999.9  -999.9  -999.9  -999.9
2022 01 11  0616   59590   22560    9  -999.9  -999.9  -999.9  -999.9  -999.9  -999.9
2022 01 11  0617   59590   22620    9  -999.9  -999.9  -999.9  -999.9  -999.9  -999.9
2022 01 11  0618   59590   22680    9  -999.9  -999.9  -999.9  -999.9  -999.9  -999.9
2022 01 11  0619   59590   22740    9  -999.9  -999.9  -999.9  -999.9  -999.9  -999.9
2022 01 11  0620   59590   22800    9  -999.9  -999.9  -999.9  -999.9  -999.9  -999.9
2022 01 11  0621   59590   22860    9  -999.9  -999.9  -999.9  -999.9  -999.9  -999.9
2022 01 11  0622   59590   22920    9  -999.9  -999.9  -999.9  -999.9  -999.9  -999.9
2022 01 11  0623   59590   22980    9  -999.9  -999.9  -999.9  -999.9  -999.9  -999.9
2022 01 11  0624   59590   23040    9  -999.9  -999.9  -999.9  -999.9  -999.9  -999.9
2022 01 11  0625   59590   23100    9  -999.9  -999.9  -999.9  -999.9  -999.9  -999.9
2022 01 11  0626   59590   23160    9  -999.9  -999.9  -999.9  -999.9  -999.9  -999.9
2022 01 11  0627   59590   23220    9  -999.9  -999.9  -999.9  -999.9  -999.9  -999.9
2022 01 11  0628   59590   23280    9  -999.9  -999.9  -999.9  -999.9  -999.9  -999.9
2022 01 11  0629   59590   23340    9  -999.9  -999.9  -999.9  -999.9  -999.9  -999.9
2022 01 11  0630   59590   23400    9  -999.9  -999.9  -999.9  -999.9  -999.9  -999.9
2022 01 11  0631   59590   23460    9  -999.9  -999.9  -999.9  -999.9  -999.9  -999.9
2022 01 11  0632   59590   23520    9  -999.9  -999.9  -999.9  -999.9  -999.9  -999.9
2022 01 11  0633   59590   23580    9  -999.9  -999.9  -999.9  -999.9  -999.9  -999.9
2022 01 11  0634   59590   23640    9  -999.9  -999.9  -999.9  -999.9  -999.9  -999.9
2022 01 11  0635   59590   23700    9  -999.9  -999.9  -999.9  -999.9  -999.9  -999.9
2022 01 11  0636   59590   23760    9  -999.9  -999.9  -999.9  -999.9  -999.9  -999.9
2022 01 11  0637   59590   23820    9  -999.9  -999.9  -999.9  -999.9  -999.9  -999.9
2022 01 11  0638   59590   23880    9  -999.9  -999.9  -999.9  -999.9  -999.9  -999.9
2022 01 11  0639   59590   23940    9  -999.9  -999.9  -999.9  -999.9  -999.9  -999.9
2022 01 11  0640   59590   24000    9  -999.9  -999.9  -999.9  -999.9  -999.9  -999.9
2022 01 11  0641   59590   24060    9  -999.9  -999.9  -999.9  -999.9  -999.9  -999.9
2022 01 11  0642   59590   24120    9  -999.9  -999.9  -999.9  -999.9  -999.9  -999.9
2022 01 11  0643   59590   24180    9  -999.9  -999.9  -999.9  -999.9  -999.9  -999.9
2022 01 11  0644   59590   24240    9  -999.9  -999.9  -999.9  -999.9  -999.9  -999.9
2022 01 11  0645   59590   24300    9  -999.9  -999.9  -999.9  -999.9  -999.9  -999.9
2022 01 11  0646   59590   24360    9  -999.9  -999.9  -999.9  -999.9  -999.9  -999.9
2022 01 11  0647   59590   24420    9  -999.9  -999.9  -999.9  -999.9  -999.9  -999.9
2022 01 11  0648   59590   24480    9  -999.9  -999.9  -999.9  -999.9  -999.9  -999.9
2022 01 11  0649   59590   24540    9  -999.9  -999.9  -999.9  -999.9  -999.9  -999.9
2022 01 11  0650   59590   24600    9  -999.9  -999.9  -999.9  -999.9  -999.9  -999.9
2022 01 11  0651   59590   24660    9  -999.9  -999.9  -999.9  -999.9  -999.9  -999.9
2022 01 11  0652   59590   24720    9  -999.9  -999.9  -999.9  -999.9  -999.9  -999.9
2022 01 11  0653   59590   24780    9  -999.9  -999.9  -999.9  -999.9  -999.9  -999.9
2022 01 11  0654   59590   24840    9  -999.9  -999.9  -999.9  -999.9  -999.9  -999.9
2022 01 11  0655   59590   24900    9  -999.9  -999.9  -999.9  -999.9  -999.9  -999.9
2022 01 11  0656   59590   24960    9  -999.9  -999.9  -999.9  -999.9  -999.9  -999.9
2022 01 11  0657   59590   25020    9  -999.9  -999.9  -999.9  -999.9  -999.9  -999.9
2022 01 11  0658   59590   25080    9  -999.9  -999.9  -999.9  -999.9  -999.9  -999.9
2022 01 11  0659   59590   25140    9  -999.9  -999.9  -999.9  -999.9  -999.9  -999.9
2022 01 11  0700   59590   25200    9  -999.9  -999.9  -999.9  -999.9  -999.9  -999.9
2022 01 11  0701   59590   25260    9  -999.9  -999.9  -999.9  -999.9  -999.9  -999.9
2022 01 11  0702   59590   25320    9  -999.9  -999.9  -999.9  -999.9  -999.9  -999.9
2022 01 11  0703   59590   25380    9  -999.9  -999.9  -999.9  -999.9  -999.9  -999.9
2022 01 11  0704   59590   25440    9  -999.9  -999.9  -999.9  -999.9  -999.9  -999.9
2022 01 11  0705   59590   25500    9  -999.9  -999.9  -999.9  -999.9  -999.9  -999.9
2022 01 11  0706   59590   25560    9  -999.9  -999.9  -999.9  -999.9  -999.9  -999.9
2022 01 11  0707   59590   25620    9  -999.9  -999.9  -999.9  -999.9  -999.9  -999.9
2022 01 11  0708   59590   25680    9  -999.9  -999.9  -999.9  -999.9  -999.9  -999.9
2022 01 11  0709   59590   25740    9  -999.9  -999.9  -999.9  -999.9  -999.9  -999.9
2022 01 11  0710   59590   25800    9  -999.9  -999.9  -999.9  -999.9  -999.9  -999.9
2022 01 11  0711   59590   25860    9  -999.9  -999.9  -999.9  -999.9  -999.9  -999.9
2022 01 11  0712   59590   25920    9  -999.9  -999.9  -999.9  -999.9  -999.9  -999.9
2022 01 11  0713   59590   25980    9  -999.9  -999.9  -999.9  -999.9  -999.9  -999.9
2022 01 11  0714   59590   26040    9  -999.9  -999.9  -999.9  -999.9  -999.9  -999.9
2022 01 11  0715   59590   26100    9  -999.9  -999.9  -999.9  -999.9  -999.9  -999.9
2022 01 11  0716   59590   26160    9  -999.9  -999.9  -999.9  -999.9  -999.9  -999.9
2022 01 11  0717   59590   26220    9  -999.9  -999.9  -999.9  -999.9  -999.9  -999.9
2022 01 11  0718   59590   26280    9  -999.9  -999.9  -999.9  -999.9  -999.9  -999.9
2022 01 11  0719   59590   26340    9  -999.9  -999.9  -999.9  -999.9  -999.9  -999.9
2022 01 11  0720   59590   26400    9  -999.9  -999.9  -999.9  -999.9  -999.9  -999.9
2022 01 11  0721   59590   26460    9  -999.9  -999.9  -999.9  -999.9  -999.9  -999.9
2022 01 11  0722   59590   26520    9  -999.9  -999.9  -999.9  -999.9  -999.9  -999.9
2022 01 11  0723   59590   26580    9  -999.9  -999.9  -999.9  -999.9  -999.9  -999.9
2022 01 11  0724   59590   26640    9  -999.9  -999.9  -999.9  -999.9  -999.9  -999.9
2022 01 11  0725   59590   26700    9  -999.9  -999.9  -999.9  -999.9  -999.9  -999.9
2022 01 11  0726   59590   26760    9  -999.9  -999.9  -999.9  -999.9  -999.9  -999.9
2022 01 11  0727   59590   26820    9  -999.9  -999.9  -999.9  -999.9  -999.9  -999.9
2022 01 11  0728   59590   26880    9  -999.9  -999.9  -999.9  -999.9  -999.9  -999.9
2022 01 11  0729   59590   26940    9  -999.9  -999.9  -999.9  -999.9  -999.9  -999.9
2022 01 11  0730   59590   27000    9  -999.9  -999.9  -999.9  -999.9  -999.9  -999.9
2022 01 11  0731   59590   27060    9  -999.9  -999.9  -999.9  -999.9  -999.9  -999.9
2022 01 11  0732   59590   27120    9  -999.9  -999.9  -999.9  -999.9  -999.9  -999.9
2022 01 11  0733   59590   27180    9  -999.9  -999.9  -999.9  -999.9  -999.9  -999.9
2022 01 11  0734   59590   27240    9  -999.9  -999.9  -999.9  -999.9  -999.9  -999.9
2022 01 11  0735   59590   27300    9  -999.9  -999.9  -999.9  -999.9  -999.9  -999.9
2022 01 11  0736   59590   27360    9  -999.9  -999.9  -999.9  -999.9  -999.9  -999.9
2022 01 11  0737   59590   27420    9  -999.9  -999.9  -999.9  -999.9  -999.9  -999.9
2022 01 11  0738   59590   27480    9  -999.9  -999.9  -999.9  -999.9  -999.9  -999.9
2022 01 11  0739   59590   27540    9  -999.9  -999.9  -999.9  -999.9  -999.9  -999.9
2022 01 11  0740   59590   27600    9  -999.9  -999.9  -999.9  -999.9  -999.9  -999.9
2022 01 11  0741   59590   27660    9  -999.9  -999.9  -999.9  -999.9  -999.9  -999.9
2022 01 11  0742   59590   27720    9  -999.9  -999.9  -999.9  -999.9  -999.9  -999.9
2022 01 11  0743   59590   27780    9  -999.9  -999.9  -999.9  -999.9  -999.9  -999.9
2022 01 11  0744   59590   27840    9  -999.9  -999.9  -999.9  -999.9  -999.9  -999.9
2022 01 11  0745   59590   27900    9  -999.9  -999.9  -999.9  -999.9  -999.9  -999.9
2022 01 11  0746   59590   27960    9  -999.9  -999.9  -999.9  -999.9  -999.9  -999.9
2022 01 11  0747   59590   28020    9  -999.9  -999.9  -999.9  -999.9  -999.9  -999.9
2022 01 11  0748   59590   28080    9  -999.9  -999.9  -999.9  -999.9  -999.9  -999.9
2022 01 11  0749   59590   28140    9  -999.9  -999.9  -999.9  -999.9  -999.9  -999.9
2022 01 11  0750   59590   28200    9  -999.9  -999.9  -999.9  -999.9  -999.9  -999.9
2022 01 11  0751   59590   28260    9  -999.9  -999.9  -999.9  -999.9  -999.9  -999.9
2022 01 11  0752   59590   28320    9  -999.9  -999.9  -999.9  -999.9  -999.9  -999.9
2022 01 11  0753   59590   28380    9  -999.9  -999.9  -999.9  -999.9  -999.9  -999.9
2022 01 11  0754   59590   28440    9  -999.9  -999.9  -999.9  -999.9  -999.9  -999.9
2022 01 11  0755   59590   28500    9  -999.9  -999.9  -999.9  -999.9  -999.9  -999.9
2022 01 11  0756   59590   28560    9  -999.9  -999.9  -999.9  -999.9  -999.9  -999.9
2022 01 11  0757   59590   28620    9  -999.9  -999.9  -999.9  -999.9  -999.9  -999.9
2022 01 11  0758   59590   28680    9  -999.9  -999.9  -999.9  -999.9  -999.9  -999.9
2022 01 11  0759   59590   28740    9  -999.9  -999.9  -999.9  -999.9  -999.9  -999.9
2022 01 11  0800   59590   28800    9  -999.9  -999.9  -999.9  -999.9  -999.9  -999.9
2022 01 11  0801   59590   28860    9  -999.9  -999.9  -999.9  -999.9  -999.9  -999.9
2022 01 11  0802   59590   28920    9  -999.9  -999.9  -999.9  -999.9  -999.9  -999.9
2022 01 11  0803   59590   28980    9  -999.9  -999.9  -999.9  -999.9  -999.9  -999.9
2022 01 11  0804   59590   29040    9  -999.9  -999.9  -999.9  -999.9  -999.9  -999.9
2022 01 11  0805   59590   29100    9  -999.9  -999.9  -999.9  -999.9  -999.9  -999.9
2022 01 11  0806   59590   29160    9  -999.9  -999.9  -999.9  -999.9  -999.9  -999.9
2022 01 11  0807   59590   29220    9  -999.9  -999.9  -999.9  -999.9  -999.9  -999.9
2022 01 11  0808   59590   29280    9  -999.9  -999.9  -999.9  -999.9  -999.9  -999.9
2022 01 11  0809   59590   29340    9  -999.9  -999.9  -999.9  -999.9  -999.9  -999.9
2022 01 11  0810   59590   29400    9  -999.9  -999.9  -999.9  -999.9  -999.9  -999.9
2022 01 11  0811   59590   29460    9  -999.9  -999.9  -999.9  -999.9  -999.9  -999.9
2022 01 11  0812   59590   29520    9  -999.9  -999.9  -999.9  -999.9  -999.9  -999.9
2022 01 11  0813   59590   29580    9  -999.9  -999.9  -999.9  -999.9  -999.9  -999.9
2022 01 11  0814   59590   29640    9  -999.9  -999.9  -999.9  -999.9  -999.9  -999.9
2022 01 11  0815   59590   29700    9  -999.9  -999.9  -999.9  -999.9  -999.9  -999.9
2022 01 11  0816   59590   29760    9  -999.9  -999.9  -999.9  -999.9  -999.9  -999.9
2022 01 11  0817   59590   29820    9  -999.9  -999.9  -999.9  -999.9  -999.9  -999.9
2022 01 11  0818   59590   29880    2     3.2    -2.1    -0.3     3.9    -3.9   326.3
2022 01 11  0819   59590   29940    0     3.3    -2.1    -0.3     3.9    -4.6   327.5
2022 01 11  0820   59590   30000    0     3.4    -2.1    -0.4     4.0    -5.9   327.9
2022 01 11  0821   59590   30060    0     3.5    -2.1    -0.1     4.1    -1.9   329.0
2022 01 11  0822   59590   30120    0     2.4    -2.4     1.8     3.8    28.3   315.7
2022 01 11  0823   59590   30180    0     1.8    -2.7     2.8     4.3    40.6   303.3
2022 01 11  0824   59590   30240    0     2.0    -2.6     2.7     4.3    38.8   307.9
2022 01 11  0825   59590   30300    0     2.1    -2.6     2.6     4.3    38.1   309.4
2022 01 11  0826   59590   30360    0     2.1    -2.6     2.6     4.2    38.3   308.8
2022 01 11  0827   59590   30420    0     2.3    -2.4     2.5     4.2    36.3   313.2
2022 01 11  0828   59590   30480    0     2.4    -2.7     2.5     4.4    35.3   311.8
2022 01 11  0829   59590   30540    0     2.4    -2.6     2.4     4.3    34.5   313.7
2022 01 11  0830   59590   30600    0     2.6    -2.5     2.3     4.3    32.2   315.6
2022 01 11  0831   59590   30660    0     2.6    -2.5     2.4     4.3    33.4   315.4
2022 01 11  0832   59590   30720    0     2.5    -2.5     2.4     4.3    33.3   315.2
2022 01 11  0833   59590   30780    0     2.5    -2.5     2.3     4.3    33.2   314.5
2022 01 11  0834   59590   30840    0     2.6    -2.4     2.3     4.3    32.9   317.3
2022 01 11  0835   59590   30900    0     2.8    -2.4     2.3     4.3    31.6   319.3
2022 01 11  0836   59590   30960    0     2.9    -2.3     2.3     4.4    31.8   321.5
2022 01 11  0837   59590   31020    0     2.8    -2.3     2.4     4.4    33.3   320.0
2022 01 11  0838   59590   31080    0     2.9    -2.3     2.1     4.3    29.7   321.2
2022 01 11  0839   59590   31140    0     2.9    -2.1     2.2     4.2    31.6   324.3
2022 01 11  0840   59590   31200    0     2.9    -2.0     2.2     4.1    32.6   325.7
2022 01 11  0841   59590   31260    0     2.9    -1.8     2.2     4.1    33.1   327.5
2022 01 11  0842   59590   31320    0     2.8    -1.7     2.4     4.1    36.2   328.9
2022 01 11  0843   59590   31380    0     2.6    -1.8     2.5     4.1    38.2   325.2
2022 01 11  0844   59590   31440    0     3.0    -1.4     2.5     4.2    36.3   334.5
2022 01 11  0845   59590   31500    0     3.1    -1.3     2.4     4.2    35.7   337.5
2022 01 11  0846   59590   31560    0     3.0    -1.2     2.5     4.1    37.4   338.4
2022 01 11  0847   59590   31620    0     3.1    -1.0     2.6     4.2    38.6   341.3
2022 01 11  0848   59590   31680    0     3.3    -0.8     2.6     4.3    37.6   346.5
2022 01 11  0849   59590   31740    0     3.6    -0.1     2.1     4.2    30.6   358.0
2022 01 11  0850   59590   31800    0     3.6     0.3     2.3     4.3    33.2     4.9
2022 01 11  0851   59590   31860    0     3.4    -0.7     2.3     4.1    33.5   348.5
2022 01 11  0852   59590   31920    0     3.2    -1.2     1.8     3.8    28.4   338.9
2022 01 11  0853   59590   31980    0     3.0    -0.4     1.7     3.4    29.7   351.6
2022 01 11  0854   59590   32040    0     2.0     0.8     1.3     2.5    31.1    22.7
2022 01 11  0855   59590   32100    0     2.6     0.6     1.5     3.1    28.2    13.7
2022 01 11  0856   59590   32160    0     2.9    -0.1     1.6     3.3    28.9   358.2
2022 01 11  0857   59590   32220    0     2.2    -2.0     1.3     3.3    24.4   316.5
2022 01 11  0858   59590   32280    0     2.5    -2.4     0.5     3.5     8.7   316.4
2022 01 11  0859   59590   32340    0     2.1    -2.4     0.5     3.2     8.1   311.0
2022 01 11  0900   59590   32400    0     0.7    -3.4     1.0     3.6    16.8   281.5
2022 01 11  0901   59590   32460    0     1.2    -3.5     0.6     3.7     9.4   289.4
2022 01 11  0902   59590   32520    0     1.4    -3.3     0.3     3.6     4.1   293.5
2022 01 11  0903   59590   32580    0     1.7    -3.2    -0.1     3.6    -2.3   297.8
2022 01 11  0904   59590   32640    0     1.8    -2.7    -0.5     3.3    -9.5   304.6
2022 01 11  0905   59590   32700    0     2.0    -2.3    -0.6     3.1   -10.6   311.0
2022 01 11  0906   59590   32760    0     1.9    -1.6    -0.7     2.6   -16.6   320.5
2022 01 11  0907   59590   32820    0     1.5    -2.4    -0.6     2.9   -11.5   302.7
2022 01 11  0908   59590   32880    0     1.7    -2.1    -1.1     2.9   -21.5   310.1
2022 01 11  0909   59590   32940    0     0.9    -3.1    -0.2     3.2    -3.4   286.6
2022 01 11  0910   59590   33000    0     1.4    -2.6    -1.2     3.2   -22.0   298.2
2022 01 11  0911   59590   33060    0     1.6    -2.2    -1.9     3.4   -34.7   306.1
2022 01 11  0912   59590   33120    0     1.8    -2.7    -1.3     3.5   -22.1   302.6
2022 01 11  0913   59590   33180    0     1.7    -2.9    -1.1     3.6   -17.6   301.0
2022 01 11  0914   59590   33240    0     1.5    -3.1    -0.5     3.5    -7.8   296.9
2022 01 11  0915   59590   33300    0     1.4    -3.1     0.1     3.5     1.8   294.7
2022 01 11  0916   59590   33360    0     1.4    -3.3     0.0     3.6     0.2   292.2
2022 01 11  0917   59590   33420    0     1.4    -3.3    -0.3     3.7    -5.1   293.2
2022 01 11  0918   59590   33480    0     1.3    -3.4    -0.4     3.7    -5.6   290.4
2022 01 11  0919   59590   33540    0     1.5    -3.2    -0.6     3.6   -10.4   295.2
2022 01 11  0920   59590   33600    0     1.7    -3.1    -0.7     3.6   -11.1   298.7
2022 01 11  0921   59590   33660    0     1.7    -2.9    -1.1     3.5   -17.7   299.5
2022 01 11  0922   59590   33720    0     1.0    -3.6    -0.2     3.8    -2.6   286.0
2022 01 11  0923   59590   33780    0     1.1    -3.6    -0.3     3.8    -4.4   286.7
2022 01 11  0924   59590   33840    0     0.5    -3.8    -0.2     3.8    -2.6   278.1
2022 01 11  0925   59590   33900    0     2.0    -2.6    -1.4     3.6   -23.2   307.0
2022 01 11  0926   59590   33960    9  -999.9  -999.9  -999.9  -999.9  -999.9  -999.9
2022 01 11  0927   59590   34020    2     1.1    -3.0    -1.6     3.6   -27.3   290.3
2022 01 11  0928   59590   34080    0     1.0    -3.2    -1.5     3.7   -24.2   287.2
2022 01 11  0929   59590   34140    2     1.0    -3.1    -1.7     3.7   -26.8   287.7
2022 01 11  0930   59590   34200    2     1.0    -2.8    -2.3     3.7   -37.8   289.9
2022 01 11  0931   59590   34260    2     0.7    -2.6    -2.4     3.6   -42.1   285.7
2022 01 11  0932   59590   34320    2     1.9    -2.6    -1.3     3.4   -22.5   305.8
2022 01 11  0933   59590   34380    2     2.1    -2.5    -0.6     3.3   -11.2   311.1
2022 01 11  0934   59590   34440    2     2.4    -2.2    -0.2     3.2    -4.0   317.1
2022 01 11  0935   59590   34500    2     2.6    -1.1    -1.6     3.2   -29.1   338.1
2022 01 11  0936   59590   34560    2     2.8    -1.0    -1.6     3.4   -28.4   339.8
2022 01 11  0937   59590   34620    2     2.5    -1.7    -1.4     3.4   -25.0   325.1
2022 01 11  0938   59590   34680    2     2.1    -2.5    -1.3     3.5   -21.4   311.0
2022 01 11  0939   59590   34740    2     2.6    -1.9    -1.0     3.4   -17.2   324.4
2022 01 11  0940   59590   34800    2     2.7    -1.9    -1.0     3.4   -17.3   324.9
2022 01 11  0941   59590   34860    2     3.1    -1.0    -0.9     3.3   -15.7   341.2
2022 01 11  0942   59590   34920    2     3.3    -0.9    -0.6     3.5   -10.6   344.5
2022 01 11  0943   59590   34980    2     3.4    -0.8    -0.6     3.5    -9.2   347.2
2022 01 11  0944   59590   35040    2     3.5    -0.8    -0.5     3.6    -7.5   347.1
2022 01 11  0945   59590   35100    2     3.5    -0.8    -0.3     3.6    -4.9   346.5
2022 01 11  0946   59590   35160    2     3.5    -0.8    -0.1     3.6    -1.5   346.4
2022 01 11  0947   59590   35220    2     3.4    -0.9    -0.1     3.5    -1.7   344.8
2022 01 11  0948   59590   35280    2     3.4    -0.7    -0.0     3.5    -0.8   348.5
2022 01 11  0949   59590   35340    2     3.5    -0.6     0.1     3.6     1.3   349.9
2022 01 11  0950   59590   35400    2     3.5    -0.6     0.3     3.6     5.1   350.6
2022 01 11  0951   59590   35460    2     3.5    -0.7     0.5     3.6     7.9   348.8
2022 01 11  0952   59590   35520    2     3.5    -0.6     0.7     3.6    11.0   350.8
2022 01 11  0953   59590   35580    2     3.4    -0.7     0.6     3.6     9.7   348.8
2022 01 11  0954   59590   35640    2     3.5    -0.5     0.6     3.6     9.7   351.3
2022 01 11  0955   59590   35700    2     3.5    -0.6     0.6     3.6    10.0   350.3
2022 01 11  0956   59590   35760    2     3.4    -0.6     0.7     3.5    11.9   350.4
2022 01 11  0957   59590   35820    2     3.3    -0.9     0.6     3.5     9.9   344.8
2022 01 11  0958   59590   35880    2     3.4    -0.5     0.6     3.5    10.7   351.3
2022 01 11  0959   59590   35940    2     3.3    -1.1     0.9     3.6    13.8   342.0
2022 01 11  1000   59590   36000    2     3.3    -1.0     1.0     3.6    16.0   343.0
2022 01 11  1001   59590   36060    2     3.3    -1.0     0.8     3.5    13.7   343.9
2022 01 11  1002   59590   36120    2     3.4    -0.6     0.8     3.5    13.3   350.2
2022 01 11  1003   59590   36180    2     3.3    -0.5     0.7     3.4    11.5   351.9
2022 01 11  1004   59590   36240    2     3.4    -0.4     0.6     3.5    10.2   353.6
2022 01 11  1005   59590   36300    2     3.5    -0.2     0.6     3.6     9.8   356.7
2022 01 11  1006   59590   36360    2     3.4    -0.2     0.7     3.5    11.5   357.1
2022 01 11  1007   59590   36420    2     3.4    -0.1     0.8     3.5    13.1   358.3
2022 01 11  1008   59590   36480    2     3.5    -0.0     0.8     3.6    12.9   359.3
2022 01 11  1009   59590   36540    2     3.5    -0.1     0.8     3.6    12.3   358.3
2022 01 11  1010   59590   36600    2     3.5    -0.1     0.8     3.6    13.6   359.0
2022 01 11  1011   59590   36660    2     3.5    -0.1     0.9     3.6    13.8   357.9
2022 01 11  1012   59590   36720    2     3.6    -0.3     0.9     3.7    13.5   355.0
2022 01 11  1013   59590   36780    2     3.5    -0.2     0.8     3.6    12.8   356.8
2022 01 11  1014   59590   36840    2     3.0    -0.0     0.7     3.1    12.5   359.7
2022 01 11  1015   59590   36900    2     2.7     0.1     0.6     2.8    11.9     1.7
2022 01 11  1016   59590   36960    2     2.0     0.1     0.4     2.0    12.4     2.4
2022 01 11  1017   59590   37020    2     1.8     0.2     0.4     1.9    11.7     5.5
2022 01 11  1018   59590   37080    2     1.6     0.1     0.4     1.6    13.8     3.8
2022 01 11  1019   59590   37140    2     1.6     0.2     0.4     1.6    12.5     6.2
2022 01 11  1020   59590   37200    2     1.6     0.2     0.2     1.6     6.0     7.9
2022 01 11  1021   59590   37260    2     1.7     0.2     0.3     1.7    10.5     6.8
2022 01 11  1022   59590   37320    2     2.4     0.0     0.4     2.4    10.6     0.9
2022 01 11  1023   59590   37380    2     1.6     0.5     0.5     1.7    17.6    18.1
2022 01 11  1024   59590   37440    2     2.1     0.7     0.6     2.3    15.9    18.3
2022 01 11  1025   59590   37500    2     2.5     0.4     0.6     2.6    13.7    10.3
2022 01 11  1026   59590   37560    2     2.7     0.4     0.5     2.8    11.2     7.4
2022 01 11  1027   59590   37620    2     1.7     0.2     0.3     1.7     8.9     7.6
2022 01 11  1028   59590   37680    2     2.7     0.4     0.2     2.7     5.1     7.9
2022 01 11  1029   59590   37740    2     2.9     0.4     0.3     3.0     5.2     8.0
2022 01 11  1030   59590   37800    2     2.8     0.7     0.5     3.0     9.6    14.6
2022 01 11  1031   59590   37860    2     2.9     0.9     0.8     3.1    14.4    18.3
2022 01 11  1032   59590   37920    2     2.7     0.8     0.4     2.8     7.4    16.6
2022 01 11  1033   59590   37980    2     2.9     0.8     0.5     3.1     9.1    15.7
2022 01 11  1034   59590   38040    2     3.0     1.0     0.6     3.2    10.3    18.5
2022 01 11  1035   59590   38100    2     3.0     0.9     0.2     3.2     3.8    17.4
2022 01 11  1036   59590   38160    2     3.1     0.9     0.1     3.2     1.6    16.0
2022 01 11  1037   59590   38220    2     3.0     1.0    -0.0     3.1    -0.7    18.4
2022 01 11  1038   59590   38280    2     3.1     1.0     0.1     3.2     0.9    18.2
2022 01 11  1039   59590   38340    2     2.8     0.9     0.2     2.9     3.2    18.7
2022 01 11  1040   59590   38400    2     3.0     1.0     0.2     3.2     3.0    19.2
2022 01 11  1041   59590   38460    2     3.5     1.3     0.3     3.8     4.1    21.0
2022 01 11  1042   59590   38520    2     3.3     1.4     0.2     3.6     3.6    23.3
2022 01 11  1043   59590   38580    2     3.7     1.8     0.6     4.2     8.9    26.6
2022 01 11  1044   59590   38640    2     4.1     1.7     1.0     4.6    13.0    22.7
2022 01 11  1045   59590   38700    2     4.0     1.8     0.7     4.5     9.6    23.7
2022 01 11  1046   59590   38760    2     3.3     1.5     0.7     3.7    10.7    24.8
2022 01 11  1047   59590   38820    2     3.3     1.4     0.1     3.6     1.5    22.3
2022 01 11  1048   59590   38880    2     3.4     1.3    -0.0     3.6    -0.6    20.5
2022 01 11  1049   59590   38940    2     3.6     1.7     0.8     4.1    11.0    26.0
2022 01 11  1050   59590   39000    2     4.0     1.8     1.1     4.5    14.1    23.8
2022 01 11  1051   59590   39060    2     3.7     1.5     1.3     4.2    18.3    22.8
2022 01 11  1052   59590   39120    2     3.8     1.7     1.7     4.5    22.2    23.9
2022 01 11  1053   59590   39180    2     4.3     1.9     1.5     4.9    17.5    24.0
2022 01 11  1054   59590   39240    2     4.1     2.0     1.8     4.9    21.0    25.7
2022 01 11  1055   59590   39300    2     4.3     1.9     1.3     4.9    15.8    23.5
2022 01 11  1056   59590   39360    2     4.0     1.8     1.4     4.6    17.8    24.4
2022 01 11  1057   59590   39420    2     3.7     1.7     1.2     4.2    16.7    25.1
2022 01 11  1058   59590   39480    2     3.5     1.7     1.4     4.1    19.3    25.1
2022 01 11  1059   59590   39540    2     3.6     1.7     0.7     4.1     9.7    25.0
2022 01 11  1100   59590   39600    2     3.5     1.6     0.6     3.9     8.6    24.5
2022 01 11  1101   59590   39660    2     3.7     1.8     0.3     4.1     4.4    25.8
2022 01 11  1102   59590   39720    2     3.1     1.6     0.3     3.5     5.3    27.8
2022 01 11  1103   59590   39780    2     3.6     1.8     1.3     4.2    18.2    26.6
2022 01 11  1104   59590   39840    2     3.7     1.7     1.2     4.3    16.7    24.5
2022 01 11  1105   59590   39900    2     3.5     1.7     1.6     4.2    22.8    25.7
2022 01 11  1106   59590   39960    2     3.6     1.8     2.1     4.5    27.6    26.4
2022 01 11  1107   59590   40020    2     3.9     1.8     2.0     4.7    24.7    24.3
2022 01 11  1108   59590   40080    2     4.0     1.7     2.0     4.8    24.4    23.3
2022 01 11  1109   59590   40140    2     4.0     1.9     1.9     4.8    23.1    24.9
2022 01 11  1110   59590   40200    2     3.9     1.9     1.9     4.8    23.3    26.0
2022 01 11  1111   59590   40260    2     4.0     1.9     1.9     4.8    22.9    24.9
2022 01 11  1112   59590   40320    2     3.9     1.9     1.7     4.7    21.8    25.8
2022 01 11  1113   59590   40380    2     4.0     1.6     1.7     4.6    22.0    22.6
2022 01 11  1114   59590   40440    2     4.0     1.4     2.0     4.7    25.6    19.7
2022 01 11  1115   59590   40500    2     3.8     1.5     2.1     4.6    27.5    21.3
2022 01 11  1116   59590   40560    2     3.7     1.5     2.2     4.5    28.7    21.9
2022 01 11  1117   59590   40620    2     3.7     1.3     2.2     4.5    29.5    19.8
2022 01 11  1118   59590   40680    2     3.8     1.2     2.1     4.5    28.4    17.1
2022 01 11  1119   59590   40740    2     3.7     1.1     1.9     4.3    26.3    16.2
2022 01 11  1120   59590   40800    2     3.6     0.6     2.0     4.1    28.6     9.9
2022 01 11  1121   59590   40860    2     3.9     1.2     1.9     4.5    25.2    17.2
2022 01 11  1122   59590   40920    2     4.1     1.3     1.8     4.7    22.7    18.1
2022 01 11  1123   59590   40980    2     4.1     1.3     1.8     4.6    22.5    18.1
2022 01 11  1124   59590   41040    2     4.0     1.5     1.8     4.6    23.1    20.1
2022 01 11  1125   59590   41100    2     4.0     1.4     1.2     4.4    16.1    18.9
2022 01 11  1126   59590   41160    2     3.8     1.5     1.2     4.2    16.7    22.3
2022 01 11  1127   59590   41220    2     3.5     1.3     0.7     3.8    10.4    20.3
2022 01 11  1128   59590   41280    2     3.5     1.2     0.7     3.8    11.5    19.1
2022 01 11  1129   59590   41340    2     3.4     1.0     1.0     3.7    15.8    16.7
2022 01 11  1130   59590   41400    2     3.4     1.1     1.2     3.8    18.9    18.2
2022 01 11  1131   59590   41460    2     3.2     1.1     1.8     3.9    27.1    19.3
2022 01 11  1132   59590   41520    2     3.1     0.8     1.5     3.6    25.1    15.0
2022 01 11  1133   59590   41580    2     3.1     0.5     1.7     3.5    28.1    10.1
2022 01 11  1134   59590   41640    2     2.8    -1.9     0.2     3.4     4.2   326.0
2022 01 11  1135   59590   41700    2     0.8    -3.9    -1.3     4.2   -18.6   281.9
2022 01 11  1136   59590   41760    2     0.2    -4.2    -1.7     4.5   -22.7   272.9
2022 01 11  1137   59590   41820    2    -0.0    -4.5    -2.2     5.1   -26.1   270.0
2022 01 11  1138   59590   41880    2     0.0    -4.7    -2.2     5.2   -25.0   270.3
2022 01 11  1139   59590   41940    2     0.2    -4.6    -2.4     5.2   -27.5   271.9
2022 01 11  1140   59590   42000    2     0.0    -4.8    -2.3     5.3   -25.7   270.6
2022 01 11  1141   59590   42060    2     0.3    -4.8    -2.2     5.3   -24.6   273.6
2022 01 11  1142   59590   42120    2     0.4    -4.8    -2.1     5.3   -23.9   274.9
2022 01 11  1143   59590   42180    2     0.5    -4.8    -2.1     5.3   -23.9   276.0
2022 01 11  1144   59590   42240    2     0.6    -4.8    -2.3     5.3   -25.2   276.6
2022 01 11  1145   59590   42300    2    -0.3    -5.0    -2.1     5.4   -22.8   266.9
2022 01 11  1146   59590   42360    2    -0.0    -4.9    -2.2     5.3   -24.0   269.5
2022 01 11  1147   59590   42420    2    -0.1    -4.9    -2.4     5.5   -25.8   268.7
2022 01 11  1148   59590   42480    2    -0.8    -4.8    -2.7     5.5   -28.7   261.0
2022 01 11  1149   59590   42540    2    -0.6    -4.7    -2.8     5.5   -30.8   262.5
2022 01 11  1150   59590   42600    2    -0.5    -4.7    -2.9     5.5   -32.1   263.6
2022 01 11  1151   59590   42660    2    -0.6    -4.4    -3.1     5.4   -35.1   262.2
2022 01 11  1152   59590   42720    2    -0.7    -4.4    -3.0     5.4   -34.2   261.3
2022 01 11  1153   59590   42780    2    -1.2    -4.8    -2.6     5.6   -28.2   256.3
2022 01 11  1154   59590   42840    2    -1.4    -4.8    -2.6     5.6   -27.3   253.1
2022 01 11  1155   59590   42900    2    -1.4    -4.3    -3.0     5.5   -33.6   251.7
2022 01 11  1156   59590   42960    2    -1.2    -4.0    -3.4     5.4   -39.4   253.1
2022 01 11  1157   59590   43020    2    -1.2    -4.3    -3.1     5.4   -35.3   254.9
2022 01 11  1158   59590   43080    2    -1.1    -4.2    -3.2     5.3   -36.2   255.6
2022 01 11  1159   59590   43140    2    -1.2    -4.1    -3.4     5.4   -38.4   253.8
2022 01 11  1200   59590   43200    2    -1.3    -3.8    -3.5     5.3   -41.0   251.0
2022 01 11  1201   59590   43260    2    -1.2    -3.3    -3.9     5.3   -47.7   249.8
2022 01 11  1202   59590   43320    2    -1.3    -3.2    -3.8     5.1   -47.4   247.8
2022 01 11  1203   59590   43380    2    -1.8    -4.1    -3.5     5.7   -37.6   246.2
2022 01 11  1204   59590   43440    2    -1.7    -3.8    -4.0     5.8   -44.3   246.2
2022 01 11  1205   59590   43500    2    -1.7    -4.2    -3.6     5.8   -37.9   247.6
2022 01 11  1206   59590   43560    2    -1.9    -4.4    -3.3     5.8   -34.0   246.5
2022 01 11  1207   59590   43620    2    -1.9    -4.5    -3.2     5.8   -33.7   247.4
2022 01 11  1208   59590   43680    2    -1.9    -4.6    -3.0     5.8   -31.0   248.0
2022 01 11  1209   59590   43740    2    -1.9    -4.7    -2.8     5.8   -28.9   247.8
2022 01 11  1210   59590   43800    2    -1.9    -4.8    -2.6     5.8   -26.7   248.2
2022 01 11  1211   59590   43860    2    -1.6    -4.8    -2.8     5.8   -28.5   251.8
2022 01 11  1212   59590   43920    2    -1.9    -5.0    -2.3     5.8   -23.8   249.0
2022 01 11  1213   59590   43980    2    -2.0    -5.2    -1.9     5.9   -18.5   249.1
2022 01 11  1214   59590   44040    2    -2.2    -5.1    -1.5     5.8   -15.3   246.4
2022 01 11  1215   59590   44100    2    -2.0    -5.0    -2.3     5.8   -23.3   248.4
2022 01 11  1216   59590   44160    2    -1.9    -4.9    -2.6     5.8   -26.2   248.2
2022 01 11  1217   59590   44220    2    -2.3    -4.9    -2.0     5.8   -20.6   245.1
2022 01 11  1218   59590   44280    2    -1.8    -4.8    -2.6     5.7   -26.9   249.3
2022 01 11  1219   59590   44340    2    -1.3    -4.4    -3.3     5.7   -35.2   253.9
2022 01 11  1220   59590   44400    2    -1.3    -4.5    -3.3     5.7   -34.7   254.6
2022 01 11  1221   59590   44460    2    -1.2    -4.5    -3.2     5.7   -34.6   254.5
2022 01 11  1222   59590   44520    2    -1.1    -4.6    -2.9     5.5   -31.6   256.4
2022 01 11  1223   59590   44580    2    -0.9    -4.7    -2.7     5.5   -29.3   259.1
2022 01 11  1224   59590   44640    2    -0.5    -4.7    -2.8     5.4   -30.4   263.7
2022 01 11  1225   59590   44700    9  -999.9  -999.9  -999.9  -999.9  -999.9  -999.9
2022 01 11  1226   59590   44760    9  -999.9  -999.9  -999.9  -999.9  -999.9  -999.9
2022 01 11  1227   59590   44820    2     0.2    -4.8    -1.9     5.2   -21.8   272.3
2022 01 11  1228   59590   44880    0     0.2    -4.7    -2.4     5.2   -27.2   272.8
2022 01 11  1229   59590   44940    0    -0.3    -4.7    -2.6     5.3   -28.6   266.6
2022 01 11  1230   59590   45000    0     0.9    -4.4    -2.5     5.2   -28.7   281.3
2022 01 11  1231   59590   45060    0     1.5    -4.4    -2.2     5.1   -25.4   288.9
2022 01 11  1232   59590   45120    0     2.1    -4.1    -2.0     5.0   -23.2   296.7
2022 01 11  1233   59590   45180    0     2.1    -4.4    -2.0     5.2   -22.4   295.1
2022 01 11  1234   59590   45240    0     1.6    -4.7    -1.8     5.3   -20.3   288.5
2022 01 11  1235   59590   45300    0     1.7    -4.5    -1.7     5.1   -19.9   290.4
2022 01 11  1236   59590   45360    0     1.8    -4.6    -1.0     5.0   -12.0   291.3
2022 01 11  1237   59590   45420    0     1.8    -4.5    -1.0     5.0   -12.1   291.7
2022 01 11  1238   59590   45480    0     1.2    -4.8    -0.9     5.0   -10.4   283.7
2022 01 11  1239   59590   45540    0     1.0    -4.8    -0.9     5.0   -10.6   281.8
2022 01 11  1240   59590   45600    0     1.5    -4.7    -0.9     5.0   -10.1   287.8
2022 01 11  1241   59590   45660    0     1.3    -4.7    -1.4     5.0   -16.3   285.2
2022 01 11  1242   59590   45720    0     1.2    -4.8    -1.1     5.0   -12.5   283.9
2022 01 11  1243   59590   45780    0     1.0    -4.9    -0.9     5.1    -9.6   281.9
2022 01 11  1244   59590   45840    0     1.2    -4.5    -1.2     4.8   -13.8   285.4
2022 01 11  1245   59590   45900    0     2.1    -1.6     2.3     3.5    41.0   322.7
2022 01 11  1246   59590   45960    0     1.6    -0.2     2.5     3.0    58.0   351.7
2022 01 11  1247   59590   46020    0     1.8     0.3     2.5     3.1    53.4     9.3
2022 01 11  1248   59590   46080    0     2.2    -0.2     2.8     3.5    52.2   354.9
2022 01 11  1249   59590   46140    0     0.6    -2.9     0.0     3.0     0.7   282.6
2022 01 11  1250   59590   46200    0     0.3    -5.0    -0.6     5.1    -6.4   273.4
2022 01 11  1251   59590   46260    0    -0.5    -5.1     0.1     5.2     0.8   264.2
2022 01 11  1252   59590   46320    0     0.8    -5.0     0.1     5.0     1.4   278.7
2022 01 11  1253   59590   46380    0     0.4    -4.9     0.9     5.0    10.3   274.5
2022 01 11  1254   59590   46440    0     1.4    -4.5     1.2     4.9    14.0   287.5
2022 01 11  1255   59590   46500    0     2.1    -4.4     0.7     5.0     7.9   295.9
2022 01 11  1256   59590   46560    0     2.0    -4.2     1.6     4.9    18.8   295.4
2022 01 11  1257   59590   46620    0     2.5    -3.5     2.2     4.8    27.0   305.8
2022 01 11  1258   59590   46680    0     2.7    -3.1     2.7     4.9    33.6   311.5
2022 01 11  1259   59590   46740    0     2.6    -2.9     3.0     4.9    37.9   312.0
2022 01 11  1300   59590   46800    0     2.9    -3.3     2.0     4.8    24.6   310.9
2022 01 11  1301   59590   46860    0     2.8    -3.1     2.3     4.8    28.9   311.7
2022 01 11  1302   59590   46920    0     3.0    -2.6     2.8     4.9    34.8   319.1
2022 01 11  1303   59590   46980    0     3.1    -2.5     2.8     4.9    35.7   321.9
2022 01 11  1304   59590   47040    0     3.1    -2.6     2.7     4.8    34.1   320.4
2022 01 11  1305   59590   47100    0     3.1    -2.6     2.6     4.8    32.9   320.1
2022 01 11  1306   59590   47160    0     3.0    -2.5     2.9     4.9    36.5   320.4
2022 01 11  1307   59590   47220    0     3.0    -2.5     3.0     4.9    38.2   320.3
2022 01 11  1308   59590   47280    0     2.9    -2.3     3.1     4.8    39.1   321.3
2022 01 11  1309   59590   47340    0     2.8    -2.1     3.1     4.7    41.7   323.5
2022 01 11  1310   59590   47400    0     2.9    -1.8     3.2     4.7    43.6   327.7
2022 01 11  1311   59590   47460    0     2.8    -1.8     3.3     4.6    44.7   327.2
2022 01 11  1312   59590   47520    0     2.6    -0.9     3.2     4.3    49.6   340.9
2022 01 11  1313   59590   47580    0     1.7     0.3     3.2     3.6    61.8     9.2
2022 01 11  1314   59590   47640    0     1.9    -0.3     2.9     3.4    57.0   352.0
2022 01 11  1315   59590   47700    0     1.8    -0.8     2.8     3.4    55.6   334.6
2022 01 11  1316   59590   47760    0     1.8    -1.2     2.8     3.6    52.2   325.6
2022 01 11  1317   59590   47820    0     1.2    -1.6     2.4     3.1    50.0   307.9
2022 01 11  1318   59590   47880    0     2.4    -0.5     3.1     3.9    51.6   347.0
2022 01 11  1319   59590   47940    0     2.7    -0.6     2.9     4.0    46.3   347.4
2022 01 11  1320   59590   48000    0     2.7    -1.3     2.7     4.0    42.2   334.2
2022 01 11  1321   59590   48060    0     2.3    -1.3     2.5     3.7    43.4   330.3
2022 01 11  1322   59590   48120    0     2.2    -1.7     2.3     3.6    39.6   321.7
2022 01 11  1323   59590   48180    0     2.2    -2.0     2.2     3.7    36.7   317.9
2022 01 11  1324   59590   48240    0     2.4    -1.8     2.1     3.6    34.5   322.7
2022 01 11  1325   59590   48300    0     2.4    -1.5     2.2     3.6    37.8   327.7
2022 01 11  1326   59590   48360    0     2.4    -1.4     2.3     3.6    39.1   329.6
2022 01 11  1327   59590   48420    0     2.1    -1.6     1.4     3.0    28.3   322.0
2022 01 11  1328   59590   48480    0    -0.2    -1.7    -1.4     2.2   -41.0   264.1
2022 01 11  1329   59590   48540    0    -2.2    -2.4    -3.9     5.1   -50.6   227.1
2022 01 11  1330   59590   48600    0    -2.1    -3.5    -3.8     5.6   -43.2   238.9
2022 01 11  1331   59590   48660    0    -2.1    -3.4    -3.8     5.5   -43.2   238.6
2022 01 11  1332   59590   48720    0    -2.1    -3.7    -3.2     5.3   -37.1   239.8
2022 01 11  1333   59590   48780    0    -2.8    -1.9    -4.4     5.6   -51.8   214.5
2022 01 11  1334   59590   48840    0    -2.4    -2.7    -4.2     5.5   -48.9   228.8
2022 01 11  1335   59590   48900    0    -2.3    -2.3    -4.4     5.5   -53.9   225.8
2022 01 11  1336   59590   48960    0    -1.5    -2.8    -4.4     5.4   -54.6   242.1
2022 01 11  1337   59590   49020    0    -1.8    -3.0    -4.3     5.5   -50.6   238.9
2022 01 11  1338   59590   49080    0    -2.2    -3.0    -4.1     5.6   -48.0   234.6
2022 01 11  1339   59590   49140    0    -2.0    -3.6    -3.8     5.6   -42.7   240.8
2022 01 11  1340   59590   49200    0    -2.3    -3.8    -3.5     5.7   -38.6   238.9
2022 01 11  1341   59590   49260    0    -1.8    -4.2    -3.4     5.7   -36.4   246.8
2022 01 11  1342   59590   49320    0    -2.1    -4.1    -3.3     5.6   -36.0   243.0
2022 01 11  1343   59590   49380    0    -1.6    -3.7    -3.7     5.5   -43.1   246.2
2022 01 11  1344   59590   49440    0    -1.4    -3.5    -4.0     5.5   -46.1   247.8
2022 01 11  1345   59590   49500    0    -2.0    -4.1    -3.3     5.6   -36.1   244.2
2022 01 11  1346   59590   49560    0    -2.8    -4.6    -1.4     5.6   -14.6   239.0
2022 01 11  1347   59590   49620    0    -2.6    -4.6    -1.6     5.6   -16.9   240.5
2022 01 11  1348   59590   49680    0    -2.3    -4.3    -2.8     5.6   -29.8   241.2
2022 01 11  1349   59590   49740    0    -2.4    -4.4    -2.6     5.7   -27.5   241.1
2022 01 11  1350   59590   49800    0    -2.4    -4.8    -1.6     5.6   -17.1   243.6
2022 01 11  1351   59590   49860    0    -2.6    -4.7    -1.6     5.6   -17.2   241.3
2022 01 11  1352   59590   49920    0    -2.9    -4.5    -1.6     5.6   -16.9   237.9
2022 01 11  1353   59590   49980    0    -2.8    -4.6    -1.7     5.7   -17.3   238.3
2022 01 11  1354   59590   50040    0    -2.8    -4.6    -1.7     5.7   -17.8   238.9
2022 01 11  1355   59590   50100    0    -3.2    -4.4    -1.7     5.7   -17.3   233.9
2022 01 11  1356   59590   50160    0    -2.9    -4.8    -1.3     5.7   -13.0   238.6
2022 01 11  1357   59590   50220    0    -2.4    -4.9    -0.5     5.5    -5.5   243.8
2022 01 11  1358   59590   50280    0    -2.3    -5.0    -0.6     5.5    -5.9   244.9
2022 01 11  1359   59590   50340    0    -2.8    -4.6    -0.2     5.4    -2.0   238.9
2022 01 11  1400   59590   50400    0    -2.7    -4.7    -0.8     5.5    -8.8   240.4
2022 01 11  1401   59590   50460    0    -2.6    -4.7    -1.0     5.5   -10.9   241.2
2022 01 11  1402   59590   50520    0    -2.6    -4.7    -1.0     5.5   -10.5   241.0
2022 01 11  1403   59590   50580    0    -2.5    -4.7    -1.2     5.5   -13.1   241.6
2022 01 11  1404   59590   50640    0    -2.4    -4.8    -1.2     5.5   -12.9   243.2
2022 01 11  1405   59590   50700    0    -1.8    -4.6    -2.1     5.3   -23.4   248.7
2022 01 11  1406   59590   50760    0    -2.0    -4.4    -2.4     5.4   -26.1   245.7
2022 01 11  1407   59590   50820    0    -1.8    -4.7    -1.7     5.3   -19.0   249.5
2022 01 11  1408   59590   50880    0    -1.8    -4.7    -1.6     5.3   -17.2   248.8
2022 01 11  1409   59590   50940    0    -2.1    -4.6    -1.7     5.3   -18.8   245.3
2022 01 11  1410   59590   51000    0    -1.7    -4.7    -1.7     5.3   -18.9   249.9
2022 01 11  1411   59590   51060    0    -1.8    -4.6    -2.0     5.4   -22.4   249.1
2022 01 11  1412   59590   51120    0    -2.0    -4.5    -2.3     5.4   -24.6   246.4
2022 01 11  1413   59590   51180    0    -2.0    -4.5    -2.4     5.5   -26.3   245.7
2022 01 11  1414   59590   51240    0    -2.0    -4.3    -2.6     5.5   -28.5   244.9
2022 01 11  1415   59590   51300    0    -2.0    -4.2    -2.8     5.4   -30.9   244.1
2022 01 11  1416   59590   51360    0    -2.4    -4.0    -2.5     5.3   -28.3   239.3
2022 01 11  1417   59590   51420    0    -2.9    -4.2    -1.8     5.4   -20.0   235.7
2022 01 11  1418   59590   51480    0    -3.0    -4.4    -1.8     5.6   -18.6   236.0
2022 01 11  1419   59590   51540    0    -2.8    -4.1    -2.5     5.6   -26.5   235.5
2022 01 11  1420   59590   51600    0    -3.1    -4.2    -2.0     5.6   -21.0   233.7
2022 01 11  1421   59590   51660    0    -2.9    -4.3    -2.1     5.6   -22.0   235.8
2022 01 11  1422   59590   51720    0    -3.0    -4.1    -2.5     5.6   -26.4   233.8
2022 01 11  1423   59590   51780    0    -3.1    -4.0    -2.4     5.6   -25.4   232.4
2022 01 11  1424   59590   51840    0    -3.2    -3.8    -2.5     5.6   -26.8   230.0
2022 01 11  1425   59590   51900    0    -2.9    -4.0    -2.6     5.6   -27.6   234.2
2022 01 11  1426   59590   51960    0    -2.7    -3.9    -3.0     5.6   -32.3   235.5
2022 01 11  1427   59590   52020    0    -3.0    -3.6    -3.1     5.6   -33.8   230.2
2022 01 11  1428   59590   52080    0    -2.8    -3.4    -3.4     5.5   -37.6   230.3
2022 01 11  1429   59590   52140    0    -3.2    -3.7    -2.8     5.6   -29.7   229.2
2022 01 11  1430   59590   52200    0    -3.3    -3.7    -2.8     5.7   -29.1   228.5
2022 01 11  1431   59590   52260    0    -3.3    -3.7    -3.0     5.8   -30.6   228.6
2022 01 11  1432   59590   52320    0    -3.6    -3.0    -3.3     5.7   -35.4   219.9
2022 01 11  1433   59590   52380    0    -3.7    -2.3    -3.6     5.6   -39.6   212.4
2022 01 11  1434   59590   52440    0    -3.6    -2.2    -3.7     5.6   -40.8   211.8
2022 01 11  1435   59590   52500    0    -3.4    -2.2    -3.7     5.5   -42.3   213.3
2022 01 11  1436   59590   52560    0    -3.2    -2.3    -3.8     5.5   -44.0   215.4
2022 01 11  1437   59590   52620    0    -3.2    -2.2    -3.9     5.6   -44.8   214.7
2022 01 11  1438   59590   52680    0    -3.4    -1.7    -4.0     5.5   -46.6   207.4
2022 01 11  1439   59590   52740    0    -3.7    -1.5    -3.8     5.5   -44.0   201.7
2022 01 11  1440   59590   52800    0    -3.6    -1.1    -4.0     5.5   -46.8   196.8
2022 01 11  1441   59590   52860    0    -3.5    -1.2    -3.9     5.4   -46.1   198.4
2022 01 11  1442   59590   52920    0    -3.8    -1.1    -3.7     5.4   -43.5   196.1
2022 01 11  1443   59590   52980    0    -3.8    -1.0    -3.8     5.4   -43.8   195.4
2022 01 11  1444   59590   53040    0    -2.5    -2.2    -3.7     5.0   -47.8   221.6
2022 01 11  1445   59590   53100    0    -0.6    -3.8    -3.3     5.0   -40.7   260.7
2022 01 11  1446   59590   53160    0    -0.5    -3.8    -3.2     5.0   -39.9   262.6
2022 01 11  1447   59590   53220    0    -0.6    -3.9    -3.1     5.0   -38.1   260.9
2022 01 11  1448   59590   53280    0     0.2    -4.1    -2.6     4.8   -32.2   273.0
2022 01 11  1449   59590   53340    0     0.3    -4.1    -2.3     4.7   -28.9   274.8
2022 01 11  1450   59590   53400    0     0.2    -4.0    -2.4     4.6   -30.9   273.2
2022 01 11  1451   59590   53460    0     1.7    -3.6     0.4     4.0     5.6   294.8
2022 01 11  1452   59590   53520    0     1.7    -3.7     1.2     4.2    16.9   294.9
2022 01 11  1453   59590   53580    0     2.0    -3.4     1.2     4.1    17.2   300.1
2022 01 11  1454   59590   53640    0     2.2    -4.0     0.7     4.6     9.2   298.4
2022 01 11  1455   59590   53700    0     2.0    -4.1     0.5     4.6     5.8   295.9
2022 01 11  1456   59590   53760    0     1.7    -4.1     0.3     4.4     4.3   292.8
2022 01 11  1457   59590   53820    0     1.8    -4.3     0.3     4.6     4.2   292.4
2022 01 11  1458   59590   53880    0     1.7    -4.4     0.4     4.7     4.4   291.6
2022 01 11  1459   59590   53940    0     1.6    -4.5     0.7     4.8     7.9   289.2
2022 01 11  1500   59590   54000    0     1.2    -4.6    -0.3     4.7    -3.3   284.6
2022 01 11  1501   59590   54060    0    -0.1    -4.5    -2.4     5.1   -28.3   268.8
2022 01 11  1502   59590   54120    0    -0.2    -4.6    -2.5     5.2   -28.3   267.1
2022 01 11  1503   59590   54180    0    -0.3    -4.5    -2.5     5.2   -29.2   266.5
2022 01 11  1504   59590   54240    0    -0.1    -4.5    -2.3     5.1   -26.7   269.3
2022 01 11  1505   59590   54300    0     0.4    -4.6    -0.6     4.7    -6.9   274.6
2022 01 11  1506   59590   54360    0    -1.1    -4.6    -1.5     5.0   -17.9   257.1
2022 01 11  1507   59590   54420    0    -0.6    -4.5    -1.8     4.9   -21.6   262.1
2022 01 11  1508   59590   54480    0    -0.3    -4.7    -1.3     4.9   -15.5   266.1
2022 01 11  1509   59590   54540    0    -0.4    -4.9    -1.2     5.0   -13.8   265.4
2022 01 11  1510   59590   54600    0    -0.3    -4.8    -1.2     5.0   -13.9   266.3
2022 01 11  1511   59590   54660    0    -0.6    -5.0    -0.7     5.1    -7.5   263.4
2022 01 11  1512   59590   54720    0    -0.5    -4.9    -1.2     5.1   -14.1   264.2
2022 01 11  1513   59590   54780    0    -0.9    -4.7    -1.9     5.2   -22.0   259.5
2022 01 11  1514   59590   54840    0    -0.6    -4.6    -2.0     5.1   -22.8   262.5
2022 01 11  1515   59590   54900    0    -0.1    -4.2    -2.9     5.1   -35.0   268.3
2022 01 11  1516   59590   54960    0    -0.1    -4.2    -3.1     5.2   -36.4   269.3
2022 01 11  1517   59590   55020    0     0.0    -5.0    -1.1     5.1   -12.0   270.4
2022 01 11  1518   59590   55080    0     0.1    -5.2    -1.0     5.3   -10.5   270.6
2022 01 11  1519   59590   55140    0    -0.3    -5.0    -2.0     5.4   -21.7   266.1
2022 01 11  1520   59590   55200    0    -0.7    -4.6    -2.7     5.4   -29.6   261.1
2022 01 11  1521   59590   55260    0    -0.6    -4.4    -2.9     5.3   -33.4   262.5
2022 01 11  1522   59590   55320    0    -0.9    -3.9    -3.7     5.5   -42.6   256.5
2022 01 11  1523   59590   55380    0    -1.3    -3.9    -3.8     5.6   -42.9   252.3
2022 01 11  1524   59590   55440    0     0.1    -4.1    -2.7     4.9   -33.0   271.4
2022 01 11  1525   59590   55500    0     1.9    -4.8    -0.0     5.1    -0.1   291.4
2022 01 11  1526   59590   55560    0     2.2    -4.6     1.1     5.3    12.4   295.8
2022 01 11  1527   59590   55620    0     2.3    -4.5     1.4     5.3    14.9   297.0
2022 01 11  1528   59590   55680    0     2.5    -4.4     1.5     5.2    16.3   299.4
2022 01 11  1529   59590   55740    0     2.3    -4.5     1.3     5.2    14.0   297.2
2022 01 11  1530   59590   55800    2     2.4    -4.3     1.4     5.2    15.9   299.6
2022 01 11  1531   59590   55860    0     2.0    -4.2     2.4     5.2    27.2   295.1
2022 01 11  1532   59590   55920    0     2.1    -4.4     1.7     5.2    19.6   295.9
2022 01 11  1533   59590   55980    2     2.4    -4.4     1.8     5.3    19.6   298.7
2022 01 11  1534   59590   56040    2     2.6    -4.1     2.0     5.2    22.3   302.8
2022 01 11  1535   59590   56100    2     2.3    -4.3     1.7     5.2    19.1   297.9
2022 01 11  1536   59590   56160    2     1.0    -5.0     1.4     5.3    15.6   281.1
2022 01 11  1537   59590   56220    2     1.0    -4.6     2.2     5.2    25.0   281.8
2022 01 11  1538   59590   56280    0     2.4    -4.0     2.4     5.2    27.1   301.3
2022 01 11  1539   59590   56340    2     2.3    -3.5     2.9     5.1    34.5   303.5
2022 01 11  1540   59590   56400    2     2.5    -4.1     2.1     5.2    24.0   301.3
2022 01 11  1541   59590   56460    0     2.3    -4.8     0.8     5.4     8.5   295.7
2022 01 11  1542   59590   56520    0     2.2    -4.4     2.4     5.4    25.8   296.9
2022 01 11  1543   59590   56580    0     2.3    -4.6     2.0     5.5    21.3   296.4
2022 01 11  1544   59590   56640    0     2.7    -4.4     1.8     5.5    19.3   302.1
2022 01 11  1545   59590   56700    9  -999.9  -999.9  -999.9  -999.9  -999.9  -999.9
2022 01 11  1546   59590   56760    9  -999.9  -999.9  -999.9  -999.9  -999.9  -999.9
2022 01 11  1547   59590   56820    9  -999.9  -999.9  -999.9  -999.9  -999.9  -999.9
2022 01 11  1548   59590   56880    9  -999.9  -999.9  -999.9  -999.9  -999.9  -999.9
2022 01 11  1549   59590   56940    9  -999.9  -999.9  -999.9  -999.9  -999.9  -999.9
2022 01 11  1550   59590   57000    9  -999.9  -999.9  -999.9  -999.9  -999.9  -999.9
2022 01 11  1551   59590   57060    9  -999.9  -999.9  -999.9  -999.9  -999.9  -999.9
2022 01 11  1552   59590   57120    9  -999.9  -999.9  -999.9  -999.9  -999.9  -999.9
2022 01 11  1553   59590   57180    9  -999.9  -999.9  -999.9  -999.9  -999.9  -999.9
2022 01 11  1554   59590   57240    9  -999.9  -999.9  -999.9  -999.9  -999.9  -999.9
2022 01 11  1555   59590   57300    9  -999.9  -999.9  -999.9  -999.9  -999.9  -999.9
2022 01 11  1556   59590   57360    9  -999.9  -999.9  -999.9  -999.9  -999.9  -999.9
2022 01 11  1557   59590   57420    9  -999.9  -999.9  -999.9  -999.9  -999.9  -999.9
2022 01 11  1558   59590   57480    9  -999.9  -999.9  -999.9  -999.9  -999.9  -999.9
2022 01 11  1559   59590   57540    9  -999.9  -999.9  -999.9  -999.9  -999.9  -999.9
2022 01 11  1600   59590   57600    9  -999.9  -999.9  -999.9  -999.9  -999.9  -999.9
2022 01 11  1601   59590   57660    9  -999.9  -999.9  -999.9  -999.9  -999.9  -999.9
2022 01 11  1602   59590   57720    9  -999.9  -999.9  -999.9  -999.9  -999.9  -999.9
2022 01 11  1603   59590   57780    9  -999.9  -999.9  -999.9  -999.9  -999.9  -999.9
2022 01 11  1604   59590   57840    9  -999.9  -999.9  -999.9  -999.9  -999.9  -999.9
2022 01 11  1605   59590   57900    9  -999.9  -999.9  -999.9  -999.9  -999.9  -999.9
2022 01 11  1606   59590   57960    9  -999.9  -999.9  -999.9  -999.9  -999.9  -999.9
2022 01 11  1607   59590   58020    9  -999.9  -999.9  -999.9  -999.9  -999.9  -999.9
2022 01 11  1608   59590   58080    9  -999.9  -999.9  -999.9  -999.9  -999.9  -999.9
2022 01 11  1609   59590   58140    9  -999.9  -999.9  -999.9  -999.9  -999.9  -999.9
2022 01 11  1610   59590   58200    9  -999.9  -999.9  -999.9  -999.9  -999.9  -999.9
2022 01 11  1611   59590   58260    9  -999.9  -999.9  -999.9  -999.9  -999.9  -999.9
2022 01 11  1612   59590   58320    9  -999.9  -999.9  -999.9  -999.9  -999.9  -999.9
2022 01 11  1613   59590   58380    9  -999.9  -999.9  -999.9  -999.9  -999.9  -999.9
2022 01 11  1614   59590   58440    9  -999.9  -999.9  -999.9  -999.9  -999.9  -999.9
2022 01 11  1615   59590   58500    9  -999.9  -999.9  -999.9  -999.9  -999.9  -999.9
2022 01 11  1616   59590   58560    9  -999.9  -999.9  -999.9  -999.9  -999.9  -999.9
2022 01 11  1617   59590   58620    9  -999.9  -999.9  -999.9  -999.9  -999.9  -999.9
2022 01 11  1618   59590   58680    9  -999.9  -999.9  -999.9  -999.9  -999.9  -999.9
2022 01 11  1619   59590   58740    9  -999.9  -999.9  -999.9  -999.9  -999.9  -999.9
2022 01 11  1620   59590   58800    9  -999.9  -999.9  -999.9  -999.9  -999.9  -999.9
2022 01 11  1621   59590   58860    9  -999.9  -999.9  -999.9  -999.9  -999.9  -999.9
2022 01 11  1622   59590   58920    2     1.0    -5.7    -0.3     5.8    -3.3   279.8
2022 01 11  1623   59590   58980    0     0.6    -5.3    -0.9     5.4    -9.9   276.3
2022 01 11  1624   59590   59040    0     0.8    -4.3    -3.0     5.3   -33.9   280.2
2022 01 11  1625   59590   59100    0     0.9    -4.5    -2.9     5.4   -32.6   281.0
2022 01 11  1626   59590   59160    0     0.9    -4.6    -2.5     5.4   -27.8   281.3
2022 01 11  1627   59590   59220    0    -1.3    -4.3    -3.3     5.5   -36.6   252.9
2022 01 11  1628   59590   59280    0    -0.9    -4.6    -3.1     5.6   -33.3   258.3
2022 01 11  1629   59590   59340    0    -1.8    -4.5    -3.1     5.8   -32.5   248.3
2022 01 11  1630   59590   59400    0    -2.0    -4.4    -2.6     5.5   -27.9   245.2
2022 01 11  1631   59590   59460    0    -1.6    -4.3    -3.2     5.6   -34.6   249.0
2022 01 11  1632   59590   59520    0     3.3    -0.5     2.8     4.3    40.0   351.0
2022 01 11  1633   59590   59580    0     3.4    -0.9     2.1     4.1    30.9   345.0
2022 01 11  1634   59590   59640    0     3.7    -2.3     0.3     4.4     3.6   328.3
2022 01 11  1635   59590   59700    0     4.3    -2.3     0.4     4.9     5.3   331.6
2022 01 11  1636   59590   59760    0     4.5    -0.1     2.1     5.0    25.2   359.2
2022 01 11  1637   59590   59820    0     4.2    -2.0     2.2     5.1    25.6   334.1
2022 01 11  1638   59590   59880    0     4.5    -2.0     2.3     5.4    25.4   336.0
2022 01 11  1639   59590   59940    0     4.4    -1.3     2.8     5.4    31.6   343.9
2022 01 11  1640   59590   60000    0     4.2    -1.6     2.9     5.4    33.1   339.4
2022 01 11  1641   59590   60060    0     4.2    -1.7     3.0     5.4    33.3   338.5
2022 01 11  1642   59590   60120    0     4.3    -1.6     2.8     5.3    31.5   339.0
2022 01 11  1643   59590   60180    0     4.5    -1.5     2.5     5.3    28.4   341.4
2022 01 11  1644   59590   60240    0     4.4    -1.8     2.6     5.4    28.5   338.0
2022 01 11  1645   59590   60300    0     4.2    -1.6     2.7     5.2    31.2   338.7
2022 01 11  1646   59590   60360    0     4.1    -2.0     2.8     5.3    31.6   334.3
2022 01 11  1647   59590   60420    0     4.2    -2.0     2.6     5.3    29.3   334.9
2022 01 11  1648   59590   60480    0     4.3    -1.6     2.9     5.4    32.3   339.6
2022 01 11  1649   59590   60540    0     4.3    -1.5     2.9     5.4    32.1   340.6
2022 01 11  1650   59590   60600    0     4.1    -2.1     3.0     5.5    32.6   333.5
2022 01 11  1651   59590   60660    0     4.4    -1.9     2.6     5.5    28.9   335.9
2022 01 11  1652   59590   60720    0     4.2    -2.1     3.1     5.6    34.0   333.2
2022 01 11  1653   59590   60780    0     4.3    -2.2     3.0     5.7    32.0   333.3
2022 01 11  1654   59590   60840    0     4.3    -2.2     2.9     5.7    30.9   332.6
2022 01 11  1655   59590   60900    0     4.3    -2.3     3.0     5.7    31.3   331.3
2022 01 11  1656   59590   60960    0     4.2    -2.1     3.0     5.5    32.4   333.7
2022 01 11  1657   59590   61020    0     4.0    -1.6     3.1     5.4    35.9   338.4
2022 01 11  1658   59590   61080    0     4.0    -1.4     3.3     5.4    37.7   340.4
2022 01 11  1659   59590   61140    9  -999.9  -999.9  -999.9  -999.9  -999.9  -999.9
