:Data_list: 20220107_ace_swepam_1m.txt
:Created: 2022 Jan 07 1601 UT
# Prepared by the U.S. Dept. of Commerce, NOAA, Space Weather Prediction Center
# Please send comments and suggestions to SWPC.Webmaster@noaa.gov 
# 
# Units: Proton density p/cc
# Units: Bulk speed km/s
# Units: Ion tempeture degrees K
# Status(S): 0 = nominal data, 1 to 8 = bad data record, 9 = no data
# Missing data values: Density and Speed = -9999.9, Temp. = -1.00e+05
# Source: ACE Satellite - Solar Wind Electron Proton Alpha Monitor
#
#   1-minute averaged Real-time Bulk Parameters of the Solar Wind Plasma
# 
#                Modified Seconds   -------------  Solar Wind  -----------
# UT Date   Time  Julian  of the          Proton      Bulk         Ion
# YR MO DA  HHMM    Day     Day     S    Density     Speed     Temperature
#-------------------------------------------------------------------------
2022 01 07  0000   59586       0    9    -9999.9    -9999.9    -1.00e+05
2022 01 07  0001   59586      60    9    -9999.9    -9999.9    -1.00e+05
2022 01 07  0002   59586     120    9    -9999.9    -9999.9    -1.00e+05
2022 01 07  0003   59586     180    9    -9999.9    -9999.9    -1.00e+05
2022 01 07  0004   59586     240    9    -9999.9    -9999.9    -1.00e+05
2022 01 07  0005   59586     300    9    -9999.9    -9999.9    -1.00e+05
2022 01 07  0006   59586     360    9    -9999.9    -9999.9    -1.00e+05
2022 01 07  0007   59586     420    9    -9999.9    -9999.9    -1.00e+05
2022 01 07  0008   59586     480    9    -9999.9    -9999.9    -1.00e+05
2022 01 07  0009   59586     540    9    -9999.9    -9999.9    -1.00e+05
2022 01 07  0010   59586     600    9    -9999.9    -9999.9    -1.00e+05
2022 01 07  0011   59586     660    9    -9999.9    -9999.9    -1.00e+05
2022 01 07  0012   59586     720    9    -9999.9    -9999.9    -1.00e+05
2022 01 07  0013   59586     780    9    -9999.9    -9999.9    -1.00e+05
2022 01 07  0014   59586     840    9    -9999.9    -9999.9    -1.00e+05
2022 01 07  0015   59586     900    9    -9999.9    -9999.9    -1.00e+05
2022 01 07  0016   59586     960    9    -9999.9    -9999.9    -1.00e+05
2022 01 07  0017   59586    1020    9    -9999.9    -9999.9    -1.00e+05
2022 01 07  0018   59586    1080    9    -9999.9    -9999.9    -1.00e+05
2022 01 07  0019   59586    1140    9    -9999.9    -9999.9    -1.00e+05
2022 01 07  0020   59586    1200    9    -9999.9    -9999.9    -1.00e+05
2022 01 07  0021   59586    1260    9    -9999.9    -9999.9    -1.00e+05
2022 01 07  0022   59586    1320    9    -9999.9    -9999.9    -1.00e+05
2022 01 07  0023   59586    1380    9    -9999.9    -9999.9    -1.00e+05
2022 01 07  0024   59586    1440    9    -9999.9    -9999.9    -1.00e+05
2022 01 07  0025   59586    1500    9    -9999.9    -9999.9    -1.00e+05
2022 01 07  0026   59586    1560    9    -9999.9    -9999.9    -1.00e+05
2022 01 07  0027   59586    1620    9    -9999.9    -9999.9    -1.00e+05
2022 01 07  0028   59586    1680    9    -9999.9    -9999.9    -1.00e+05
2022 01 07  0029   59586    1740    9    -9999.9    -9999.9    -1.00e+05
2022 01 07  0030   59586    1800    9    -9999.9    -9999.9    -1.00e+05
2022 01 07  0031   59586    1860    9    -9999.9    -9999.9    -1.00e+05
2022 01 07  0032   59586    1920    9    -9999.9    -9999.9    -1.00e+05
2022 01 07  0033   59586    1980    9    -9999.9    -9999.9    -1.00e+05
2022 01 07  0034   59586    2040    9    -9999.9    -9999.9    -1.00e+05
2022 01 07  0035   59586    2100    9    -9999.9    -9999.9    -1.00e+05
2022 01 07  0036   59586    2160    9    -9999.9    -9999.9    -1.00e+05
2022 01 07  0037   59586    2220    9    -9999.9    -9999.9    -1.00e+05
2022 01 07  0038   59586    2280    9    -9999.9    -9999.9    -1.00e+05
2022 01 07  0039   59586    2340    9    -9999.9    -9999.9    -1.00e+05
2022 01 07  0040   59586    2400    9    -9999.9    -9999.9    -1.00e+05
2022 01 07  0041   59586    2460    9    -9999.9    -9999.9    -1.00e+05
2022 01 07  0042   59586    2520    9    -9999.9    -9999.9    -1.00e+05
2022 01 07  0043   59586    2580    9    -9999.9    -9999.9    -1.00e+05
2022 01 07  0044   59586    2640    9    -9999.9    -9999.9    -1.00e+05
2022 01 07  0045   59586    2700    9    -9999.9    -9999.9    -1.00e+05
2022 01 07  0046   59586    2760    9    -9999.9    -9999.9    -1.00e+05
2022 01 07  0047   59586    2820    9    -9999.9    -9999.9    -1.00e+05
2022 01 07  0048   59586    2880    9    -9999.9    -9999.9    -1.00e+05
2022 01 07  0049   59586    2940    9    -9999.9    -9999.9    -1.00e+05
2022 01 07  0050   59586    3000    9    -9999.9    -9999.9    -1.00e+05
2022 01 07  0051   59586    3060    9    -9999.9    -9999.9    -1.00e+05
2022 01 07  0052   59586    3120    9    -9999.9    -9999.9    -1.00e+05
2022 01 07  0053   59586    3180    9    -9999.9    -9999.9    -1.00e+05
2022 01 07  0054   59586    3240    9    -9999.9    -9999.9    -1.00e+05
2022 01 07  0055   59586    3300    9    -9999.9    -9999.9    -1.00e+05
2022 01 07  0056   59586    3360    9    -9999.9    -9999.9    -1.00e+05
2022 01 07  0057   59586    3420    9    -9999.9    -9999.9    -1.00e+05
2022 01 07  0058   59586    3480    9    -9999.9    -9999.9    -1.00e+05
2022 01 07  0059   59586    3540    9    -9999.9    -9999.9    -1.00e+05
2022 01 07  0100   59586    3600    9    -9999.9    -9999.9    -1.00e+05
2022 01 07  0101   59586    3660    9    -9999.9    -9999.9    -1.00e+05
2022 01 07  0102   59586    3720    9    -9999.9    -9999.9    -1.00e+05
2022 01 07  0103   59586    3780    9    -9999.9    -9999.9    -1.00e+05
2022 01 07  0104   59586    3840    9    -9999.9    -9999.9    -1.00e+05
2022 01 07  0105   59586    3900    9    -9999.9    -9999.9    -1.00e+05
2022 01 07  0106   59586    3960    9    -9999.9    -9999.9    -1.00e+05
2022 01 07  0107   59586    4020    9    -9999.9    -9999.9    -1.00e+05
2022 01 07  0108   59586    4080    9    -9999.9    -9999.9    -1.00e+05
2022 01 07  0109   59586    4140    9    -9999.9    -9999.9    -1.00e+05
2022 01 07  0110   59586    4200    9    -9999.9    -9999.9    -1.00e+05
2022 01 07  0111   59586    4260    9    -9999.9    -9999.9    -1.00e+05
2022 01 07  0112   59586    4320    9    -9999.9    -9999.9    -1.00e+05
2022 01 07  0113   59586    4380    9    -9999.9    -9999.9    -1.00e+05
2022 01 07  0114   59586    4440    9    -9999.9    -9999.9    -1.00e+05
2022 01 07  0115   59586    4500    9    -9999.9    -9999.9    -1.00e+05
2022 01 07  0116   59586    4560    9    -9999.9    -9999.9    -1.00e+05
2022 01 07  0117   59586    4620    9    -9999.9    -9999.9    -1.00e+05
2022 01 07  0118   59586    4680    9    -9999.9    -9999.9    -1.00e+05
2022 01 07  0119   59586    4740    9    -9999.9    -9999.9    -1.00e+05
2022 01 07  0120   59586    4800    9    -9999.9    -9999.9    -1.00e+05
2022 01 07  0121   59586    4860    9    -9999.9    -9999.9    -1.00e+05
2022 01 07  0122   59586    4920    9    -9999.9    -9999.9    -1.00e+05
2022 01 07  0123   59586    4980    9    -9999.9    -9999.9    -1.00e+05
2022 01 07  0124   59586    5040    9    -9999.9    -9999.9    -1.00e+05
2022 01 07  0125   59586    5100    9    -9999.9    -9999.9    -1.00e+05
2022 01 07  0126   59586    5160    9    -9999.9    -9999.9    -1.00e+05
2022 01 07  0127   59586    5220    9    -9999.9    -9999.9    -1.00e+05
2022 01 07  0128   59586    5280    9    -9999.9    -9999.9    -1.00e+05
2022 01 07  0129   59586    5340    9    -9999.9    -9999.9    -1.00e+05
2022 01 07  0130   59586    5400    9    -9999.9    -9999.9    -1.00e+05
2022 01 07  0131   59586    5460    9    -9999.9    -9999.9    -1.00e+05
2022 01 07  0132   59586    5520    9    -9999.9    -9999.9    -1.00e+05
2022 01 07  0133   59586    5580    9    -9999.9    -9999.9    -1.00e+05
2022 01 07  0134   59586    5640    9    -9999.9    -9999.9    -1.00e+05
2022 01 07  0135   59586    5700    9    -9999.9    -9999.9    -1.00e+05
2022 01 07  0136   59586    5760    9    -9999.9    -9999.9    -1.00e+05
2022 01 07  0137   59586    5820    9    -9999.9    -9999.9    -1.00e+05
2022 01 07  0138   59586    5880    9    -9999.9    -9999.9    -1.00e+05
2022 01 07  0139   59586    5940    9    -9999.9    -9999.9    -1.00e+05
2022 01 07  0140   59586    6000    9    -9999.9    -9999.9    -1.00e+05
2022 01 07  0141   59586    6060    9    -9999.9    -9999.9    -1.00e+05
2022 01 07  0142   59586    6120    9    -9999.9    -9999.9    -1.00e+05
2022 01 07  0143   59586    6180    9    -9999.9    -9999.9    -1.00e+05
2022 01 07  0144   59586    6240    9    -9999.9    -9999.9    -1.00e+05
2022 01 07  0145   59586    6300    9    -9999.9    -9999.9    -1.00e+05
2022 01 07  0146   59586    6360    9    -9999.9    -9999.9    -1.00e+05
2022 01 07  0147   59586    6420    9    -9999.9    -9999.9    -1.00e+05
2022 01 07  0148   59586    6480    9    -9999.9    -9999.9    -1.00e+05
2022 01 07  0149   59586    6540    9    -9999.9    -9999.9    -1.00e+05
2022 01 07  0150   59586    6600    9    -9999.9    -9999.9    -1.00e+05
2022 01 07  0151   59586    6660    9    -9999.9    -9999.9    -1.00e+05
2022 01 07  0152   59586    6720    9    -9999.9    -9999.9    -1.00e+05
2022 01 07  0153   59586    6780    9    -9999.9    -9999.9    -1.00e+05
2022 01 07  0154   59586    6840    9    -9999.9    -9999.9    -1.00e+05
2022 01 07  0155   59586    6900    9    -9999.9    -9999.9    -1.00e+05
2022 01 07  0156   59586    6960    9    -9999.9    -9999.9    -1.00e+05
2022 01 07  0157   59586    7020    9    -9999.9    -9999.9    -1.00e+05
2022 01 07  0158   59586    7080    9    -9999.9    -9999.9    -1.00e+05
2022 01 07  0159   59586    7140    9    -9999.9    -9999.9    -1.00e+05
2022 01 07  0200   59586    7200    9    -9999.9    -9999.9    -1.00e+05
2022 01 07  0201   59586    7260    9    -9999.9    -9999.9    -1.00e+05
2022 01 07  0202   59586    7320    9    -9999.9    -9999.9    -1.00e+05
2022 01 07  0203   59586    7380    9    -9999.9    -9999.9    -1.00e+05
2022 01 07  0204   59586    7440    9    -9999.9    -9999.9    -1.00e+05
2022 01 07  0205   59586    7500    9    -9999.9    -9999.9    -1.00e+05
2022 01 07  0206   59586    7560    9    -9999.9    -9999.9    -1.00e+05
2022 01 07  0207   59586    7620    9    -9999.9    -9999.9    -1.00e+05
2022 01 07  0208   59586    7680    9    -9999.9    -9999.9    -1.00e+05
2022 01 07  0209   59586    7740    9    -9999.9    -9999.9    -1.00e+05
2022 01 07  0210   59586    7800    9    -9999.9    -9999.9    -1.00e+05
2022 01 07  0211   59586    7860    9    -9999.9    -9999.9    -1.00e+05
2022 01 07  0212   59586    7920    9    -9999.9    -9999.9    -1.00e+05
2022 01 07  0213   59586    7980    9    -9999.9    -9999.9    -1.00e+05
2022 01 07  0214   59586    8040    9    -9999.9    -9999.9    -1.00e+05
2022 01 07  0215   59586    8100    9    -9999.9    -9999.9    -1.00e+05
2022 01 07  0216   59586    8160    9    -9999.9    -9999.9    -1.00e+05
2022 01 07  0217   59586    8220    9    -9999.9    -9999.9    -1.00e+05
2022 01 07  0218   59586    8280    9    -9999.9    -9999.9    -1.00e+05
2022 01 07  0219   59586    8340    9    -9999.9    -9999.9    -1.00e+05
2022 01 07  0220   59586    8400    9    -9999.9    -9999.9    -1.00e+05
2022 01 07  0221   59586    8460    9    -9999.9    -9999.9    -1.00e+05
2022 01 07  0222   59586    8520    9    -9999.9    -9999.9    -1.00e+05
2022 01 07  0223   59586    8580    9    -9999.9    -9999.9    -1.00e+05
2022 01 07  0224   59586    8640    9    -9999.9    -9999.9    -1.00e+05
2022 01 07  0225   59586    8700    9    -9999.9    -9999.9    -1.00e+05
2022 01 07  0226   59586    8760    9    -9999.9    -9999.9    -1.00e+05
2022 01 07  0227   59586    8820    9    -9999.9    -9999.9    -1.00e+05
2022 01 07  0228   59586    8880    9    -9999.9    -9999.9    -1.00e+05
2022 01 07  0229   59586    8940    6    -9999.9    -9999.9    -1.00e+05
2022 01 07  0230   59586    9000    6    -9999.9    -9999.9    -1.00e+05
2022 01 07  0231   59586    9060    9    -9999.9    -9999.9    -1.00e+05
2022 01 07  0232   59586    9120    9    -9999.9    -9999.9    -1.00e+05
2022 01 07  0233   59586    9180    9    -9999.9    -9999.9    -1.00e+05
2022 01 07  0234   59586    9240    9    -9999.9    -9999.9    -1.00e+05
2022 01 07  0235   59586    9300    9    -9999.9    -9999.9    -1.00e+05
2022 01 07  0236   59586    9360    9    -9999.9    -9999.9    -1.00e+05
2022 01 07  0237   59586    9420    9    -9999.9    -9999.9    -1.00e+05
2022 01 07  0238   59586    9480    9    -9999.9    -9999.9    -1.00e+05
2022 01 07  0239   59586    9540    9    -9999.9    -9999.9    -1.00e+05
2022 01 07  0240   59586    9600    9    -9999.9    -9999.9    -1.00e+05
2022 01 07  0241   59586    9660    9    -9999.9    -9999.9    -1.00e+05
2022 01 07  0242   59586    9720    9    -9999.9    -9999.9    -1.00e+05
2022 01 07  0243   59586    9780    9    -9999.9    -9999.9    -1.00e+05
2022 01 07  0244   59586    9840    9    -9999.9    -9999.9    -1.00e+05
2022 01 07  0245   59586    9900    9    -9999.9    -9999.9    -1.00e+05
2022 01 07  0246   59586    9960    9    -9999.9    -9999.9    -1.00e+05
2022 01 07  0247   59586   10020    9    -9999.9    -9999.9    -1.00e+05
2022 01 07  0248   59586   10080    9    -9999.9    -9999.9    -1.00e+05
2022 01 07  0249   59586   10140    9    -9999.9    -9999.9    -1.00e+05
2022 01 07  0250   59586   10200    9    -9999.9    -9999.9    -1.00e+05
2022 01 07  0251   59586   10260    9    -9999.9    -9999.9    -1.00e+05
2022 01 07  0252   59586   10320    9    -9999.9    -9999.9    -1.00e+05
2022 01 07  0253   59586   10380    9    -9999.9    -9999.9    -1.00e+05
2022 01 07  0254   59586   10440    9    -9999.9    -9999.9    -1.00e+05
2022 01 07  0255   59586   10500    9    -9999.9    -9999.9    -1.00e+05
2022 01 07  0256   59586   10560    9    -9999.9    -9999.9    -1.00e+05
2022 01 07  0257   59586   10620    9    -9999.9    -9999.9    -1.00e+05
2022 01 07  0258   59586   10680    9    -9999.9    -9999.9    -1.00e+05
2022 01 07  0259   59586   10740    9    -9999.9    -9999.9    -1.00e+05
2022 01 07  0300   59586   10800    9    -9999.9    -9999.9    -1.00e+05
2022 01 07  0301   59586   10860    9    -9999.9    -9999.9    -1.00e+05
2022 01 07  0302   59586   10920    9    -9999.9    -9999.9    -1.00e+05
2022 01 07  0303   59586   10980    9    -9999.9    -9999.9    -1.00e+05
2022 01 07  0304   59586   11040    9    -9999.9    -9999.9    -1.00e+05
2022 01 07  0305   59586   11100    9    -9999.9    -9999.9    -1.00e+05
2022 01 07  0306   59586   11160    9    -9999.9    -9999.9    -1.00e+05
2022 01 07  0307   59586   11220    9    -9999.9    -9999.9    -1.00e+05
2022 01 07  0308   59586   11280    9    -9999.9    -9999.9    -1.00e+05
2022 01 07  0309   59586   11340    9    -9999.9    -9999.9    -1.00e+05
2022 01 07  0310   59586   11400    9    -9999.9    -9999.9    -1.00e+05
2022 01 07  0311   59586   11460    9    -9999.9    -9999.9    -1.00e+05
2022 01 07  0312   59586   11520    9    -9999.9    -9999.9    -1.00e+05
2022 01 07  0313   59586   11580    9    -9999.9    -9999.9    -1.00e+05
2022 01 07  0314   59586   11640    9    -9999.9    -9999.9    -1.00e+05
2022 01 07  0315   59586   11700    9    -9999.9    -9999.9    -1.00e+05
2022 01 07  0316   59586   11760    9    -9999.9    -9999.9    -1.00e+05
2022 01 07  0317   59586   11820    9    -9999.9    -9999.9    -1.00e+05
2022 01 07  0318   59586   11880    9    -9999.9    -9999.9    -1.00e+05
2022 01 07  0319   59586   11940    9    -9999.9    -9999.9    -1.00e+05
2022 01 07  0320   59586   12000    9    -9999.9    -9999.9    -1.00e+05
2022 01 07  0321   59586   12060    9    -9999.9    -9999.9    -1.00e+05
2022 01 07  0322   59586   12120    9    -9999.9    -9999.9    -1.00e+05
2022 01 07  0323   59586   12180    9    -9999.9    -9999.9    -1.00e+05
2022 01 07  0324   59586   12240    9    -9999.9    -9999.9    -1.00e+05
2022 01 07  0325   59586   12300    9    -9999.9    -9999.9    -1.00e+05
2022 01 07  0326   59586   12360    9    -9999.9    -9999.9    -1.00e+05
2022 01 07  0327   59586   12420    9    -9999.9    -9999.9    -1.00e+05
2022 01 07  0328   59586   12480    9    -9999.9    -9999.9    -1.00e+05
2022 01 07  0329   59586   12540    9    -9999.9    -9999.9    -1.00e+05
2022 01 07  0330   59586   12600    9    -9999.9    -9999.9    -1.00e+05
2022 01 07  0331   59586   12660    9    -9999.9    -9999.9    -1.00e+05
2022 01 07  0332   59586   12720    9    -9999.9    -9999.9    -1.00e+05
2022 01 07  0333   59586   12780    9    -9999.9    -9999.9    -1.00e+05
2022 01 07  0334   59586   12840    9    -9999.9    -9999.9    -1.00e+05
2022 01 07  0335   59586   12900    9    -9999.9    -9999.9    -1.00e+05
2022 01 07  0336   59586   12960    9    -9999.9    -9999.9    -1.00e+05
2022 01 07  0337   59586   13020    9    -9999.9    -9999.9    -1.00e+05
2022 01 07  0338   59586   13080    9    -9999.9    -9999.9    -1.00e+05
2022 01 07  0339   59586   13140    9    -9999.9    -9999.9    -1.00e+05
2022 01 07  0340   59586   13200    9    -9999.9    -9999.9    -1.00e+05
2022 01 07  0341   59586   13260    9    -9999.9    -9999.9    -1.00e+05
2022 01 07  0342   59586   13320    9    -9999.9    -9999.9    -1.00e+05
2022 01 07  0343   59586   13380    9    -9999.9    -9999.9    -1.00e+05
2022 01 07  0344   59586   13440    9    -9999.9    -9999.9    -1.00e+05
2022 01 07  0345   59586   13500    9    -9999.9    -9999.9    -1.00e+05
2022 01 07  0346   59586   13560    9    -9999.9    -9999.9    -1.00e+05
2022 01 07  0347   59586   13620    9    -9999.9    -9999.9    -1.00e+05
2022 01 07  0348   59586   13680    9    -9999.9    -9999.9    -1.00e+05
2022 01 07  0349   59586   13740    9    -9999.9    -9999.9    -1.00e+05
2022 01 07  0350   59586   13800    9    -9999.9    -9999.9    -1.00e+05
2022 01 07  0351   59586   13860    9    -9999.9    -9999.9    -1.00e+05
2022 01 07  0352   59586   13920    9    -9999.9    -9999.9    -1.00e+05
2022 01 07  0353   59586   13980    9    -9999.9    -9999.9    -1.00e+05
2022 01 07  0354   59586   14040    9    -9999.9    -9999.9    -1.00e+05
2022 01 07  0355   59586   14100    9    -9999.9    -9999.9    -1.00e+05
2022 01 07  0356   59586   14160    9    -9999.9    -9999.9    -1.00e+05
2022 01 07  0357   59586   14220    9    -9999.9    -9999.9    -1.00e+05
2022 01 07  0358   59586   14280    9    -9999.9    -9999.9    -1.00e+05
2022 01 07  0359   59586   14340    9    -9999.9    -9999.9    -1.00e+05
2022 01 07  0400   59586   14400    9    -9999.9    -9999.9    -1.00e+05
2022 01 07  0401   59586   14460    9    -9999.9    -9999.9    -1.00e+05
2022 01 07  0402   59586   14520    9    -9999.9    -9999.9    -1.00e+05
2022 01 07  0403   59586   14580    9    -9999.9    -9999.9    -1.00e+05
2022 01 07  0404   59586   14640    9    -9999.9    -9999.9    -1.00e+05
2022 01 07  0405   59586   14700    9    -9999.9    -9999.9    -1.00e+05
2022 01 07  0406   59586   14760    9    -9999.9    -9999.9    -1.00e+05
2022 01 07  0407   59586   14820    9    -9999.9    -9999.9    -1.00e+05
2022 01 07  0408   59586   14880    9    -9999.9    -9999.9    -1.00e+05
2022 01 07  0409   59586   14940    9    -9999.9    -9999.9    -1.00e+05
2022 01 07  0410   59586   15000    9    -9999.9    -9999.9    -1.00e+05
2022 01 07  0411   59586   15060    9    -9999.9    -9999.9    -1.00e+05
2022 01 07  0412   59586   15120    9    -9999.9    -9999.9    -1.00e+05
2022 01 07  0413   59586   15180    9    -9999.9    -9999.9    -1.00e+05
2022 01 07  0414   59586   15240    3    -9999.9    -9999.9    -1.00e+05
2022 01 07  0415   59586   15300    3    -9999.9    -9999.9    -1.00e+05
2022 01 07  0416   59586   15360    9    -9999.9    -9999.9    -1.00e+05
2022 01 07  0417   59586   15420    9    -9999.9    -9999.9    -1.00e+05
2022 01 07  0418   59586   15480    9    -9999.9    -9999.9    -1.00e+05
2022 01 07  0419   59586   15540    9    -9999.9    -9999.9    -1.00e+05
2022 01 07  0420   59586   15600    9    -9999.9    -9999.9    -1.00e+05
2022 01 07  0421   59586   15660    9    -9999.9    -9999.9    -1.00e+05
2022 01 07  0422   59586   15720    9    -9999.9    -9999.9    -1.00e+05
2022 01 07  0423   59586   15780    9    -9999.9    -9999.9    -1.00e+05
2022 01 07  0424   59586   15840    9    -9999.9    -9999.9    -1.00e+05
2022 01 07  0425   59586   15900    9    -9999.9    -9999.9    -1.00e+05
2022 01 07  0426   59586   15960    9    -9999.9    -9999.9    -1.00e+05
2022 01 07  0427   59586   16020    9    -9999.9    -9999.9    -1.00e+05
2022 01 07  0428   59586   16080    3    -9999.9    -9999.9    -1.00e+05
2022 01 07  0429   59586   16140    3    -9999.9    -9999.9    -1.00e+05
2022 01 07  0430   59586   16200    9    -9999.9    -9999.9    -1.00e+05
2022 01 07  0431   59586   16260    9    -9999.9    -9999.9    -1.00e+05
2022 01 07  0432   59586   16320    9    -9999.9    -9999.9    -1.00e+05
2022 01 07  0433   59586   16380    9    -9999.9    -9999.9    -1.00e+05
2022 01 07  0434   59586   16440    9    -9999.9    -9999.9    -1.00e+05
2022 01 07  0435   59586   16500    9    -9999.9    -9999.9    -1.00e+05
2022 01 07  0436   59586   16560    9    -9999.9    -9999.9    -1.00e+05
2022 01 07  0437   59586   16620    9    -9999.9    -9999.9    -1.00e+05
2022 01 07  0438   59586   16680    9    -9999.9    -9999.9    -1.00e+05
2022 01 07  0439   59586   16740    9    -9999.9    -9999.9    -1.00e+05
2022 01 07  0440   59586   16800    9    -9999.9    -9999.9    -1.00e+05
2022 01 07  0441   59586   16860    9    -9999.9    -9999.9    -1.00e+05
2022 01 07  0442   59586   16920    9    -9999.9    -9999.9    -1.00e+05
2022 01 07  0443   59586   16980    9    -9999.9    -9999.9    -1.00e+05
2022 01 07  0444   59586   17040    9    -9999.9    -9999.9    -1.00e+05
2022 01 07  0445   59586   17100    9    -9999.9    -9999.9    -1.00e+05
2022 01 07  0446   59586   17160    9    -9999.9    -9999.9    -1.00e+05
2022 01 07  0447   59586   17220    9    -9999.9    -9999.9    -1.00e+05
2022 01 07  0448   59586   17280    9    -9999.9    -9999.9    -1.00e+05
2022 01 07  0449   59586   17340    9    -9999.9    -9999.9    -1.00e+05
2022 01 07  0450   59586   17400    9    -9999.9    -9999.9    -1.00e+05
2022 01 07  0451   59586   17460    9    -9999.9    -9999.9    -1.00e+05
2022 01 07  0452   59586   17520    9    -9999.9    -9999.9    -1.00e+05
2022 01 07  0453   59586   17580    9    -9999.9    -9999.9    -1.00e+05
2022 01 07  0454   59586   17640    9    -9999.9    -9999.9    -1.00e+05
2022 01 07  0455   59586   17700    9    -9999.9    -9999.9    -1.00e+05
2022 01 07  0456   59586   17760    9    -9999.9    -9999.9    -1.00e+05
2022 01 07  0457   59586   17820    9    -9999.9    -9999.9    -1.00e+05
2022 01 07  0458   59586   17880    9    -9999.9    -9999.9    -1.00e+05
2022 01 07  0459   59586   17940    9    -9999.9    -9999.9    -1.00e+05
2022 01 07  0500   59586   18000    9    -9999.9    -9999.9    -1.00e+05
2022 01 07  0501   59586   18060    9    -9999.9    -9999.9    -1.00e+05
2022 01 07  0502   59586   18120    9    -9999.9    -9999.9    -1.00e+05
2022 01 07  0503   59586   18180    0        1.4      330.8     4.06e+04
2022 01 07  0504   59586   18240    0        1.5      329.7     4.38e+04
2022 01 07  0505   59586   18300    1        1.9      323.8     6.17e+04
2022 01 07  0506   59586   18360    0        1.6    -9999.9    -1.00e+05
2022 01 07  0507   59586   18420    0        1.6      326.5     4.11e+04
2022 01 07  0508   59586   18480    0        1.5      327.8     4.37e+04
2022 01 07  0509   59586   18540    0        1.5      329.7     4.36e+04
2022 01 07  0510   59586   18600    0        1.9      331.6     3.76e+04
2022 01 07  0511   59586   18660    0        2.0      332.0     3.63e+04
2022 01 07  0512   59586   18720    0        1.6      330.7     3.81e+04
2022 01 07  0513   59586   18780    0        1.6      332.2     3.38e+04
2022 01 07  0514   59586   18840    0        1.6      332.5     3.51e+04
2022 01 07  0515   59586   18900    0        1.7      330.4     4.04e+04
2022 01 07  0516   59586   18960    0        2.1      330.6     3.91e+04
2022 01 07  0517   59586   19020    0        2.3      332.5     3.09e+04
2022 01 07  0518   59586   19080    0        2.3      332.1     2.41e+04
2022 01 07  0519   59586   19140    0        2.4      332.9     2.12e+04
2022 01 07  0520   59586   19200    0        2.2      332.1     2.15e+04
2022 01 07  0521   59586   19260    0        2.2      332.4     2.34e+04
2022 01 07  0522   59586   19320    0        1.9      331.1     2.14e+04
2022 01 07  0523   59586   19380    0        2.1      328.1     2.48e+04
2022 01 07  0524   59586   19440    0        2.6      332.5     2.33e+04
2022 01 07  0525   59586   19500    0        2.5      332.4     2.12e+04
2022 01 07  0526   59586   19560    0        2.1      330.6     2.15e+04
2022 01 07  0527   59586   19620    0        2.2      331.2     2.30e+04
2022 01 07  0528   59586   19680    0        2.2      331.8     2.39e+04
2022 01 07  0529   59586   19740    0        2.1      332.3     2.37e+04
2022 01 07  0530   59586   19800    0        2.0      330.1     2.29e+04
2022 01 07  0531   59586   19860    0        2.0      326.8     2.48e+04
2022 01 07  0532   59586   19920    0        2.1      327.4     2.57e+04
2022 01 07  0533   59586   19980    0        2.1      329.8     2.38e+04
2022 01 07  0534   59586   20040    0        1.9      328.6     2.42e+04
2022 01 07  0535   59586   20100    0        1.9      327.5     2.39e+04
2022 01 07  0536   59586   20160    0        1.9      326.0     2.90e+04
2022 01 07  0537   59586   20220    1        1.9      329.9     3.27e+04
2022 01 07  0538   59586   20280    9    -9999.9    -9999.9    -1.00e+05
2022 01 07  0539   59586   20340    9    -9999.9    -9999.9    -1.00e+05
2022 01 07  0540   59586   20400    9    -9999.9    -9999.9    -1.00e+05
2022 01 07  0541   59586   20460    9    -9999.9    -9999.9    -1.00e+05
2022 01 07  0542   59586   20520    9    -9999.9    -9999.9    -1.00e+05
2022 01 07  0543   59586   20580    9    -9999.9    -9999.9    -1.00e+05
2022 01 07  0544   59586   20640    9    -9999.9    -9999.9    -1.00e+05
2022 01 07  0545   59586   20700    9    -9999.9    -9999.9    -1.00e+05
2022 01 07  0546   59586   20760    9    -9999.9    -9999.9    -1.00e+05
2022 01 07  0547   59586   20820    9    -9999.9    -9999.9    -1.00e+05
2022 01 07  0548   59586   20880    9    -9999.9    -9999.9    -1.00e+05
2022 01 07  0549   59586   20940    9    -9999.9    -9999.9    -1.00e+05
2022 01 07  0550   59586   21000    9    -9999.9    -9999.9    -1.00e+05
2022 01 07  0551   59586   21060    9    -9999.9    -9999.9    -1.00e+05
2022 01 07  0552   59586   21120    9    -9999.9    -9999.9    -1.00e+05
2022 01 07  0553   59586   21180    9    -9999.9    -9999.9    -1.00e+05
2022 01 07  0554   59586   21240    9    -9999.9    -9999.9    -1.00e+05
2022 01 07  0555   59586   21300    9    -9999.9    -9999.9    -1.00e+05
2022 01 07  0556   59586   21360    9    -9999.9    -9999.9    -1.00e+05
2022 01 07  0557   59586   21420    9    -9999.9    -9999.9    -1.00e+05
2022 01 07  0558   59586   21480    9    -9999.9    -9999.9    -1.00e+05
2022 01 07  0559   59586   21540    9    -9999.9    -9999.9    -1.00e+05
2022 01 07  0600   59586   21600    9    -9999.9    -9999.9    -1.00e+05
2022 01 07  0601   59586   21660    9    -9999.9    -9999.9    -1.00e+05
2022 01 07  0602   59586   21720    9    -9999.9    -9999.9    -1.00e+05
2022 01 07  0603   59586   21780    9    -9999.9    -9999.9    -1.00e+05
2022 01 07  0604   59586   21840    9    -9999.9    -9999.9    -1.00e+05
2022 01 07  0605   59586   21900    9    -9999.9    -9999.9    -1.00e+05
2022 01 07  0606   59586   21960    9    -9999.9    -9999.9    -1.00e+05
2022 01 07  0607   59586   22020    9    -9999.9    -9999.9    -1.00e+05
2022 01 07  0608   59586   22080    9    -9999.9    -9999.9    -1.00e+05
2022 01 07  0609   59586   22140    9    -9999.9    -9999.9    -1.00e+05
2022 01 07  0610   59586   22200    9    -9999.9    -9999.9    -1.00e+05
2022 01 07  0611   59586   22260    9    -9999.9    -9999.9    -1.00e+05
2022 01 07  0612   59586   22320    9    -9999.9    -9999.9    -1.00e+05
2022 01 07  0613   59586   22380    9    -9999.9    -9999.9    -1.00e+05
2022 01 07  0614   59586   22440    9    -9999.9    -9999.9    -1.00e+05
2022 01 07  0615   59586   22500    9    -9999.9    -9999.9    -1.00e+05
2022 01 07  0616   59586   22560    9    -9999.9    -9999.9    -1.00e+05
2022 01 07  0617   59586   22620    9    -9999.9    -9999.9    -1.00e+05
2022 01 07  0618   59586   22680    9    -9999.9    -9999.9    -1.00e+05
2022 01 07  0619   59586   22740    9    -9999.9    -9999.9    -1.00e+05
2022 01 07  0620   59586   22800    9    -9999.9    -9999.9    -1.00e+05
2022 01 07  0621   59586   22860    9    -9999.9    -9999.9    -1.00e+05
2022 01 07  0622   59586   22920    9    -9999.9    -9999.9    -1.00e+05
2022 01 07  0623   59586   22980    9    -9999.9    -9999.9    -1.00e+05
2022 01 07  0624   59586   23040    9    -9999.9    -9999.9    -1.00e+05
2022 01 07  0625   59586   23100    9    -9999.9    -9999.9    -1.00e+05
2022 01 07  0626   59586   23160    9    -9999.9    -9999.9    -1.00e+05
2022 01 07  0627   59586   23220    9    -9999.9    -9999.9    -1.00e+05
2022 01 07  0628   59586   23280    9    -9999.9    -9999.9    -1.00e+05
2022 01 07  0629   59586   23340    9    -9999.9    -9999.9    -1.00e+05
2022 01 07  0630   59586   23400    9    -9999.9    -9999.9    -1.00e+05
2022 01 07  0631   59586   23460    9    -9999.9    -9999.9    -1.00e+05
2022 01 07  0632   59586   23520    9    -9999.9    -9999.9    -1.00e+05
2022 01 07  0633   59586   23580    9    -9999.9    -9999.9    -1.00e+05
2022 01 07  0634   59586   23640    9    -9999.9    -9999.9    -1.00e+05
2022 01 07  0635   59586   23700    9    -9999.9    -9999.9    -1.00e+05
2022 01 07  0636   59586   23760    9    -9999.9    -9999.9    -1.00e+05
2022 01 07  0637   59586   23820    9    -9999.9    -9999.9    -1.00e+05
2022 01 07  0638   59586   23880    9    -9999.9    -9999.9    -1.00e+05
2022 01 07  0639   59586   23940    9    -9999.9    -9999.9    -1.00e+05
2022 01 07  0640   59586   24000    9    -9999.9    -9999.9    -1.00e+05
2022 01 07  0641   59586   24060    9    -9999.9    -9999.9    -1.00e+05
2022 01 07  0642   59586   24120    9    -9999.9    -9999.9    -1.00e+05
2022 01 07  0643   59586   24180    9    -9999.9    -9999.9    -1.00e+05
2022 01 07  0644   59586   24240    9    -9999.9    -9999.9    -1.00e+05
2022 01 07  0645   59586   24300    9    -9999.9    -9999.9    -1.00e+05
2022 01 07  0646   59586   24360    9    -9999.9    -9999.9    -1.00e+05
2022 01 07  0647   59586   24420    9    -9999.9    -9999.9    -1.00e+05
2022 01 07  0648   59586   24480    9    -9999.9    -9999.9    -1.00e+05
2022 01 07  0649   59586   24540    9    -9999.9    -9999.9    -1.00e+05
2022 01 07  0650   59586   24600    9    -9999.9    -9999.9    -1.00e+05
2022 01 07  0651   59586   24660    9    -9999.9    -9999.9    -1.00e+05
2022 01 07  0652   59586   24720    9    -9999.9    -9999.9    -1.00e+05
2022 01 07  0653   59586   24780    9    -9999.9    -9999.9    -1.00e+05
2022 01 07  0654   59586   24840    9    -9999.9    -9999.9    -1.00e+05
2022 01 07  0655   59586   24900    9    -9999.9    -9999.9    -1.00e+05
2022 01 07  0656   59586   24960    9    -9999.9    -9999.9    -1.00e+05
2022 01 07  0657   59586   25020    9    -9999.9    -9999.9    -1.00e+05
2022 01 07  0658   59586   25080    9    -9999.9    -9999.9    -1.00e+05
2022 01 07  0659   59586   25140    9    -9999.9    -9999.9    -1.00e+05
2022 01 07  0700   59586   25200    9    -9999.9    -9999.9    -1.00e+05
2022 01 07  0701   59586   25260    0        1.9      327.3     3.52e+04
2022 01 07  0702   59586   25320    0        1.9      325.5     3.38e+04
2022 01 07  0703   59586   25380    0        1.7      323.6     3.30e+04
2022 01 07  0704   59586   25440    0        1.8      325.9     2.58e+04
2022 01 07  0705   59586   25500    3    -9999.9    -9999.9    -1.00e+05
2022 01 07  0706   59586   25560    3    -9999.9    -9999.9    -1.00e+05
2022 01 07  0707   59586   25620    9    -9999.9    -9999.9    -1.00e+05
2022 01 07  0708   59586   25680    9    -9999.9    -9999.9    -1.00e+05
2022 01 07  0709   59586   25740    9    -9999.9    -9999.9    -1.00e+05
2022 01 07  0710   59586   25800    9    -9999.9    -9999.9    -1.00e+05
2022 01 07  0711   59586   25860    9    -9999.9    -9999.9    -1.00e+05
2022 01 07  0712   59586   25920    9    -9999.9    -9999.9    -1.00e+05
2022 01 07  0713   59586   25980    9    -9999.9    -9999.9    -1.00e+05
2022 01 07  0714   59586   26040    9    -9999.9    -9999.9    -1.00e+05
2022 01 07  0715   59586   26100    9    -9999.9    -9999.9    -1.00e+05
2022 01 07  0716   59586   26160    9    -9999.9    -9999.9    -1.00e+05
2022 01 07  0717   59586   26220    9    -9999.9    -9999.9    -1.00e+05
2022 01 07  0718   59586   26280    9    -9999.9    -9999.9    -1.00e+05
2022 01 07  0719   59586   26340    9    -9999.9    -9999.9    -1.00e+05
2022 01 07  0720   59586   26400    3    -9999.9    -9999.9    -1.00e+05
2022 01 07  0721   59586   26460    3    -9999.9    -9999.9    -1.00e+05
2022 01 07  0722   59586   26520    9    -9999.9    -9999.9    -1.00e+05
2022 01 07  0723   59586   26580    9    -9999.9    -9999.9    -1.00e+05
2022 01 07  0724   59586   26640    9    -9999.9    -9999.9    -1.00e+05
2022 01 07  0725   59586   26700    9    -9999.9    -9999.9    -1.00e+05
2022 01 07  0726   59586   26760    9    -9999.9    -9999.9    -1.00e+05
2022 01 07  0727   59586   26820    9    -9999.9    -9999.9    -1.00e+05
2022 01 07  0728   59586   26880    9    -9999.9    -9999.9    -1.00e+05
2022 01 07  0729   59586   26940    9    -9999.9    -9999.9    -1.00e+05
2022 01 07  0730   59586   27000    9    -9999.9    -9999.9    -1.00e+05
2022 01 07  0731   59586   27060    9    -9999.9    -9999.9    -1.00e+05
2022 01 07  0732   59586   27120    9    -9999.9    -9999.9    -1.00e+05
2022 01 07  0733   59586   27180    9    -9999.9    -9999.9    -1.00e+05
2022 01 07  0734   59586   27240    9    -9999.9    -9999.9    -1.00e+05
2022 01 07  0735   59586   27300    9    -9999.9    -9999.9    -1.00e+05
2022 01 07  0736   59586   27360    9    -9999.9    -9999.9    -1.00e+05
2022 01 07  0737   59586   27420    9    -9999.9    -9999.9    -1.00e+05
2022 01 07  0738   59586   27480    9    -9999.9    -9999.9    -1.00e+05
2022 01 07  0739   59586   27540    3    -9999.9    -9999.9    -1.00e+05
2022 01 07  0740   59586   27600    3    -9999.9    -9999.9    -1.00e+05
2022 01 07  0741   59586   27660    9    -9999.9    -9999.9    -1.00e+05
2022 01 07  0742   59586   27720    9    -9999.9    -9999.9    -1.00e+05
2022 01 07  0743   59586   27780    9    -9999.9    -9999.9    -1.00e+05
2022 01 07  0744   59586   27840    9    -9999.9    -9999.9    -1.00e+05
2022 01 07  0745   59586   27900    9    -9999.9    -9999.9    -1.00e+05
2022 01 07  0746   59586   27960    9    -9999.9    -9999.9    -1.00e+05
2022 01 07  0747   59586   28020    9    -9999.9    -9999.9    -1.00e+05
2022 01 07  0748   59586   28080    9    -9999.9    -9999.9    -1.00e+05
2022 01 07  0749   59586   28140    9    -9999.9    -9999.9    -1.00e+05
2022 01 07  0750   59586   28200    9    -9999.9    -9999.9    -1.00e+05
2022 01 07  0751   59586   28260    9    -9999.9    -9999.9    -1.00e+05
2022 01 07  0752   59586   28320    9    -9999.9    -9999.9    -1.00e+05
2022 01 07  0753   59586   28380    9    -9999.9    -9999.9    -1.00e+05
2022 01 07  0754   59586   28440    9    -9999.9    -9999.9    -1.00e+05
2022 01 07  0755   59586   28500    9    -9999.9    -9999.9    -1.00e+05
2022 01 07  0756   59586   28560    9    -9999.9    -9999.9    -1.00e+05
2022 01 07  0757   59586   28620    9    -9999.9    -9999.9    -1.00e+05
2022 01 07  0758   59586   28680    9    -9999.9    -9999.9    -1.00e+05
2022 01 07  0759   59586   28740    9    -9999.9    -9999.9    -1.00e+05
2022 01 07  0800   59586   28800    9    -9999.9    -9999.9    -1.00e+05
2022 01 07  0801   59586   28860    9    -9999.9    -9999.9    -1.00e+05
2022 01 07  0802   59586   28920    9    -9999.9    -9999.9    -1.00e+05
2022 01 07  0803   59586   28980    9    -9999.9    -9999.9    -1.00e+05
2022 01 07  0804   59586   29040    9    -9999.9    -9999.9    -1.00e+05
2022 01 07  0805   59586   29100    9    -9999.9    -9999.9    -1.00e+05
2022 01 07  0806   59586   29160    9    -9999.9    -9999.9    -1.00e+05
2022 01 07  0807   59586   29220    9    -9999.9    -9999.9    -1.00e+05
2022 01 07  0808   59586   29280    9    -9999.9    -9999.9    -1.00e+05
2022 01 07  0809   59586   29340    9    -9999.9    -9999.9    -1.00e+05
2022 01 07  0810   59586   29400    9    -9999.9    -9999.9    -1.00e+05
2022 01 07  0811   59586   29460    9    -9999.9    -9999.9    -1.00e+05
2022 01 07  0812   59586   29520    9    -9999.9    -9999.9    -1.00e+05
2022 01 07  0813   59586   29580    9    -9999.9    -9999.9    -1.00e+05
2022 01 07  0814   59586   29640    9    -9999.9    -9999.9    -1.00e+05
2022 01 07  0815   59586   29700    9    -9999.9    -9999.9    -1.00e+05
2022 01 07  0816   59586   29760    9    -9999.9    -9999.9    -1.00e+05
2022 01 07  0817   59586   29820    0        1.7      324.9     2.58e+04
2022 01 07  0818   59586   29880    0        1.7      324.9     2.58e+04
2022 01 07  0819   59586   29940    0        1.5      326.8     2.81e+04
2022 01 07  0820   59586   30000    0        1.7      326.5     2.75e+04
2022 01 07  0821   59586   30060    1        1.9      324.0     3.52e+04
2022 01 07  0822   59586   30120    0        1.7      320.8     2.67e+04
2022 01 07  0823   59586   30180    0        1.6      322.1     2.63e+04
2022 01 07  0824   59586   30240    1        1.6      321.0     3.32e+04
2022 01 07  0825   59586   30300    0        1.7      319.6     3.08e+04
2022 01 07  0826   59586   30360    0        1.8      319.2     2.75e+04
2022 01 07  0827   59586   30420    1        2.1      326.4     7.07e+04
2022 01 07  0828   59586   30480    1        2.0      323.9     5.18e+04
2022 01 07  0829   59586   30540    0        1.8      320.4     2.52e+04
2022 01 07  0830   59586   30600    3    -9999.9    -9999.9    -1.00e+05
2022 01 07  0831   59586   30660    3    -9999.9    -9999.9    -1.00e+05
2022 01 07  0832   59586   30720    0        1.9      327.6     2.10e+04
2022 01 07  0833   59586   30780    0        1.9      327.3     2.12e+04
2022 01 07  0834   59586   30840    0        2.3      324.9     2.35e+04
2022 01 07  0835   59586   30900    0        1.9      327.3     2.18e+04
2022 01 07  0836   59586   30960    3    -9999.9    -9999.9    -1.00e+05
2022 01 07  0837   59586   31020    0        2.2      328.3     4.08e+04
2022 01 07  0838   59586   31080    0        2.2      330.0     2.75e+04
2022 01 07  0839   59586   31140    0        2.0      327.5     2.13e+04
2022 01 07  0840   59586   31200    0        2.0      326.8     2.17e+04
2022 01 07  0841   59586   31260    3    -9999.9    -9999.9    -1.00e+05
2022 01 07  0842   59586   31320    3    -9999.9    -9999.9    -1.00e+05
2022 01 07  0843   59586   31380    3    -9999.9    -9999.9    -1.00e+05
2022 01 07  0844   59586   31440    0        2.2      326.1     2.24e+04
2022 01 07  0845   59586   31500    0        2.2      325.1     2.28e+04
2022 01 07  0846   59586   31560    0        2.0      325.8     2.19e+04
2022 01 07  0847   59586   31620    0        2.1      326.9     2.20e+04
2022 01 07  0848   59586   31680    0        2.2      326.3     1.91e+04
2022 01 07  0849   59586   31740    0        2.0      324.5     2.02e+04
2022 01 07  0850   59586   31800    0        1.8      321.5     2.23e+04
2022 01 07  0851   59586   31860    0        2.3      329.4     1.93e+04
2022 01 07  0852   59586   31920    0        2.1      340.8     2.03e+04
2022 01 07  0853   59586   31980    0        2.3      335.0     1.69e+04
2022 01 07  0854   59586   32040    0        2.2      332.1     2.24e+04
2022 01 07  0855   59586   32100    0        2.5      332.0     1.79e+04
2022 01 07  0856   59586   32160    0        2.3      329.5     1.63e+04
2022 01 07  0857   59586   32220    0        2.5      332.1     1.65e+04
2022 01 07  0858   59586   32280    0        2.8      331.5     1.61e+04
2022 01 07  0859   59586   32340    0        2.7      331.0     1.62e+04
2022 01 07  0900   59586   32400    0        2.2      331.5     1.85e+04
2022 01 07  0901   59586   32460    0        1.9      329.3     1.95e+04
2022 01 07  0902   59586   32520    0        2.3      329.2     1.67e+04
2022 01 07  0903   59586   32580    0        2.9      328.1     1.58e+04
2022 01 07  0904   59586   32640    0        2.9      328.3     1.55e+04
2022 01 07  0905   59586   32700    0        2.9      329.7     1.43e+04
2022 01 07  0906   59586   32760    0        2.8      329.6     1.51e+04
2022 01 07  0907   59586   32820    0        3.0      328.4     1.38e+04
2022 01 07  0908   59586   32880    0        3.0      329.8     1.58e+04
2022 01 07  0909   59586   32940    0        2.6      327.8     1.47e+04
2022 01 07  0910   59586   33000    0        2.8      329.3     1.49e+04
2022 01 07  0911   59586   33060    0        2.8      329.4     1.36e+04
2022 01 07  0912   59586   33120    0        2.5      329.2     1.71e+04
2022 01 07  0913   59586   33180    0        2.5      329.1     1.62e+04
2022 01 07  0914   59586   33240    0        2.8      330.3     1.48e+04
2022 01 07  0915   59586   33300    0        2.8      330.3     1.61e+04
2022 01 07  0916   59586   33360    0        2.7      329.6     1.61e+04
2022 01 07  0917   59586   33420    0        2.9      329.8     1.42e+04
2022 01 07  0918   59586   33480    0        2.7      329.2     1.43e+04
2022 01 07  0919   59586   33540    0        2.4      329.8     1.63e+04
2022 01 07  0920   59586   33600    0        2.2      329.7     1.75e+04
2022 01 07  0921   59586   33660    0        2.7      328.3     1.89e+04
2022 01 07  0922   59586   33720    0        2.7      327.0     1.66e+04
2022 01 07  0923   59586   33780    0        2.6      326.4     1.80e+04
2022 01 07  0924   59586   33840    0        2.8      326.3     1.51e+04
2022 01 07  0925   59586   33900    0        2.5      328.0     1.67e+04
2022 01 07  0926   59586   33960    0        2.8      327.3     1.61e+04
2022 01 07  0927   59586   34020    0        2.8      329.4     1.40e+04
2022 01 07  0928   59586   34080    0        2.8      329.1     1.44e+04
2022 01 07  0929   59586   34140    0        2.7      328.3     1.70e+04
2022 01 07  0930   59586   34200    0        2.6      329.3     1.71e+04
2022 01 07  0931   59586   34260    0        2.7      329.9     1.68e+04
2022 01 07  0932   59586   34320    0        2.7      329.4     1.67e+04
2022 01 07  0933   59586   34380    0        2.5      329.6     1.61e+04
2022 01 07  0934   59586   34440    0        2.6      329.6     1.68e+04
2022 01 07  0935   59586   34500    0        2.8      327.9     1.58e+04
2022 01 07  0936   59586   34560    0        2.1      330.6     1.97e+04
2022 01 07  0937   59586   34620    0        2.2      330.4     1.95e+04
2022 01 07  0938   59586   34680    0        2.6      328.1     1.76e+04
2022 01 07  0939   59586   34740    0        3.0      328.9     1.70e+04
2022 01 07  0940   59586   34800    0        2.6      330.4     1.63e+04
2022 01 07  0941   59586   34860    0        2.8      330.7     1.68e+04
2022 01 07  0942   59586   34920    0        2.8      329.5     1.83e+04
2022 01 07  0943   59586   34980    0        2.8      330.9     1.63e+04
2022 01 07  0944   59586   35040    0        2.5      331.0     1.89e+04
2022 01 07  0945   59586   35100    0        2.6      332.7     1.80e+04
2022 01 07  0946   59586   35160    0        2.8      334.0     1.93e+04
2022 01 07  0947   59586   35220    0        2.7      334.4     1.92e+04
2022 01 07  0948   59586   35280    0        2.7      335.2     1.71e+04
2022 01 07  0949   59586   35340    0        2.9      335.4     1.88e+04
2022 01 07  0950   59586   35400    0        2.8      333.6     2.11e+04
2022 01 07  0951   59586   35460    0        2.6      331.3     2.07e+04
2022 01 07  0952   59586   35520    0        2.8      333.0     1.87e+04
2022 01 07  0953   59586   35580    0        2.5      325.3     1.44e+04
2022 01 07  0954   59586   35640    0        2.5      326.4     1.48e+04
2022 01 07  0955   59586   35700    0        2.5      325.2     1.36e+04
2022 01 07  0956   59586   35760    0        2.6      325.9     1.94e+04
2022 01 07  0957   59586   35820    0        2.6      325.8     1.57e+04
2022 01 07  0958   59586   35880    0        2.4      325.7     1.69e+04
2022 01 07  0959   59586   35940    0        2.5      325.3     1.55e+04
2022 01 07  1000   59586   36000    0        2.4      324.4     1.75e+04
2022 01 07  1001   59586   36060    0        2.3      325.6     1.74e+04
2022 01 07  1002   59586   36120    0        2.3      325.8     1.79e+04
2022 01 07  1003   59586   36180    0        2.4      325.7     1.85e+04
2022 01 07  1004   59586   36240    0        2.4      326.2     1.81e+04
2022 01 07  1005   59586   36300    0        2.4      323.0     1.71e+04
2022 01 07  1006   59586   36360    0        2.4      323.1     1.74e+04
2022 01 07  1007   59586   36420    0        2.5      323.8     1.76e+04
2022 01 07  1008   59586   36480    0        2.6      324.7     1.49e+04
2022 01 07  1009   59586   36540    0        2.2      321.7     1.70e+04
2022 01 07  1010   59586   36600    0        2.2      321.8     1.70e+04
2022 01 07  1011   59586   36660    0        2.5      322.7     1.63e+04
2022 01 07  1012   59586   36720    0        2.9      323.5     1.45e+04
2022 01 07  1013   59586   36780    0        2.3      325.0     1.61e+04
2022 01 07  1014   59586   36840    0        2.6      324.9     1.37e+04
2022 01 07  1015   59586   36900    0        2.5      324.2     1.78e+04
2022 01 07  1016   59586   36960    0        2.5      324.6     1.53e+04
2022 01 07  1017   59586   37020    0        2.7      324.9     1.64e+04
2022 01 07  1018   59586   37080    0        2.7      324.3     1.75e+04
2022 01 07  1019   59586   37140    0        2.4      323.2     1.69e+04
2022 01 07  1020   59586   37200    0        2.1      321.9     1.83e+04
2022 01 07  1021   59586   37260    0        2.0      320.9     2.14e+04
2022 01 07  1022   59586   37320    0        2.1      320.6     2.35e+04
2022 01 07  1023   59586   37380    0        2.1      319.6     2.39e+04
2022 01 07  1024   59586   37440    0        1.9      321.0     2.19e+04
2022 01 07  1025   59586   37500    0        2.4      320.4     1.84e+04
2022 01 07  1026   59586   37560    0        2.3      322.3     2.04e+04
2022 01 07  1027   59586   37620    0        2.5      322.8     2.09e+04
2022 01 07  1028   59586   37680    0        2.2      322.7     2.18e+04
2022 01 07  1029   59586   37740    0        2.5      322.7     2.11e+04
2022 01 07  1030   59586   37800    0        2.3      321.9     2.29e+04
2022 01 07  1031   59586   37860    0        2.2      322.8     2.09e+04
2022 01 07  1032   59586   37920    0        2.1      323.4     2.39e+04
2022 01 07  1033   59586   37980    0        2.3      322.2     2.30e+04
2022 01 07  1034   59586   38040    0        2.3      321.6     2.17e+04
2022 01 07  1035   59586   38100    0        2.0      321.4     2.10e+04
2022 01 07  1036   59586   38160    0        1.9      321.3     2.12e+04
2022 01 07  1037   59586   38220    0        2.0      321.0     2.28e+04
2022 01 07  1038   59586   38280    0        2.2      320.1     2.20e+04
2022 01 07  1039   59586   38340    0        2.2      320.5     2.19e+04
2022 01 07  1040   59586   38400    0        2.0      321.7     2.52e+04
2022 01 07  1041   59586   38460    0        1.8      320.3     2.84e+04
2022 01 07  1042   59586   38520    0        1.9    -9999.9    -1.00e+05
2022 01 07  1043   59586   38580    0        1.9      317.2     2.55e+04
2022 01 07  1044   59586   38640    0        1.5      318.4     2.47e+04
2022 01 07  1045   59586   38700    0        1.6      318.0     2.37e+04
2022 01 07  1046   59586   38760    0        1.4      320.2     2.61e+04
2022 01 07  1047   59586   38820    0        1.6      319.7     2.53e+04
2022 01 07  1048   59586   38880    0        2.0      321.7     2.27e+04
2022 01 07  1049   59586   38940    0        2.0      320.9     2.10e+04
2022 01 07  1050   59586   39000    0        2.0      319.3     2.18e+04
2022 01 07  1051   59586   39060    0        2.0      319.4     2.23e+04
2022 01 07  1052   59586   39120    0        1.9      319.8     2.29e+04
2022 01 07  1053   59586   39180    0        2.0      320.4     2.26e+04
2022 01 07  1054   59586   39240    0        2.0      321.3     2.08e+04
2022 01 07  1055   59586   39300    0        2.1      320.0     2.30e+04
2022 01 07  1056   59586   39360    0        2.0      319.1     1.97e+04
2022 01 07  1057   59586   39420    0        1.8      319.2     2.15e+04
2022 01 07  1058   59586   39480    0        1.8      319.7     2.22e+04
2022 01 07  1059   59586   39540    0        1.9      319.9     2.23e+04
2022 01 07  1100   59586   39600    0        1.8      320.5     2.54e+04
2022 01 07  1101   59586   39660    0        1.7      319.5     2.42e+04
2022 01 07  1102   59586   39720    0        1.7      319.6     2.45e+04
2022 01 07  1103   59586   39780    0        1.8      321.6     2.23e+04
2022 01 07  1104   59586   39840    0        1.9      319.9     2.30e+04
2022 01 07  1105   59586   39900    0        1.9      320.0     2.26e+04
2022 01 07  1106   59586   39960    0        1.9      319.4     2.52e+04
2022 01 07  1107   59586   40020    0        1.9      319.3     2.54e+04
2022 01 07  1108   59586   40080    0        1.9      319.0     2.23e+04
2022 01 07  1109   59586   40140    0        1.8      317.7     2.26e+04
2022 01 07  1110   59586   40200    0        1.7      318.7     2.39e+04
2022 01 07  1111   59586   40260    0        1.7      319.9     2.34e+04
2022 01 07  1112   59586   40320    0        1.4      320.1     2.41e+04
2022 01 07  1113   59586   40380    0        1.7      317.4     2.72e+04
2022 01 07  1114   59586   40440    0        1.7      317.4     2.72e+04
2022 01 07  1115   59586   40500    9    -9999.9    -9999.9    -1.00e+05
2022 01 07  1116   59586   40560    0        1.6      316.6     2.46e+04
2022 01 07  1117   59586   40620    0        1.6      316.3     2.07e+04
2022 01 07  1118   59586   40680    0        2.0      317.6     2.31e+04
2022 01 07  1119   59586   40740    0        1.9      318.1     2.36e+04
2022 01 07  1120   59586   40800    0        1.9      316.6     2.23e+04
2022 01 07  1121   59586   40860    0        1.7      318.0     2.45e+04
2022 01 07  1122   59586   40920    0        1.6      319.5     2.39e+04
2022 01 07  1123   59586   40980    0        1.7      319.1     2.25e+04
2022 01 07  1124   59586   41040    0        1.7      316.7     2.39e+04
2022 01 07  1125   59586   41100    0        1.7      314.6     2.42e+04
2022 01 07  1126   59586   41160    0        1.6      315.8     2.32e+04
2022 01 07  1127   59586   41220    0        1.4      316.8     2.44e+04
2022 01 07  1128   59586   41280    0        1.6      315.1     2.18e+04
2022 01 07  1129   59586   41340    0        1.5      315.6     2.31e+04
2022 01 07  1130   59586   41400    0        1.4      317.7     2.65e+04
2022 01 07  1131   59586   41460    0        1.8      315.9     2.45e+04
2022 01 07  1132   59586   41520    0        1.9      314.5     2.68e+04
2022 01 07  1133   59586   41580    0        1.9      314.8     2.42e+04
2022 01 07  1134   59586   41640    0        1.6      316.3     2.34e+04
2022 01 07  1135   59586   41700    0        1.7      318.2     2.32e+04
2022 01 07  1136   59586   41760    0        1.6      318.1     2.35e+04
2022 01 07  1137   59586   41820    0        1.4      318.1     2.40e+04
2022 01 07  1138   59586   41880    0        1.5      315.5     2.51e+04
2022 01 07  1139   59586   41940    0        1.8      313.2     2.51e+04
2022 01 07  1140   59586   42000    0        1.9      314.4     2.42e+04
2022 01 07  1141   59586   42060    0        1.6      314.4     2.30e+04
2022 01 07  1142   59586   42120    0        1.5      312.4     2.09e+04
2022 01 07  1143   59586   42180    0        1.6      316.3     1.94e+04
2022 01 07  1144   59586   42240    0        1.7      319.2     1.75e+04
2022 01 07  1145   59586   42300    0        1.7      319.3     1.98e+04
2022 01 07  1146   59586   42360    0        1.9      320.9     1.94e+04
2022 01 07  1147   59586   42420    0        1.5      318.5     2.30e+04
2022 01 07  1148   59586   42480    0        1.5    -9999.9    -1.00e+05
2022 01 07  1149   59586   42540    0        1.8      316.9     1.89e+04
2022 01 07  1150   59586   42600    0        1.9      319.2     2.08e+04
2022 01 07  1151   59586   42660    0        2.0      319.5     2.02e+04
2022 01 07  1152   59586   42720    0        1.8      318.3     1.97e+04
2022 01 07  1153   59586   42780    0        1.7      318.0     2.06e+04
2022 01 07  1154   59586   42840    0        1.7      318.6     2.00e+04
2022 01 07  1155   59586   42900    0        1.6      318.5     2.06e+04
2022 01 07  1156   59586   42960    0        1.6      317.7     2.24e+04
2022 01 07  1157   59586   43020    0        1.8      317.3     2.10e+04
2022 01 07  1158   59586   43080    0        1.8      316.0     1.89e+04
2022 01 07  1159   59586   43140    0        1.9      313.8     2.13e+04
2022 01 07  1200   59586   43200    0        1.9      316.3     2.04e+04
2022 01 07  1201   59586   43260    0        1.9      317.4     1.90e+04
2022 01 07  1202   59586   43320    0        1.7      316.3     1.87e+04
2022 01 07  1203   59586   43380    0        1.9      315.6     2.17e+04
2022 01 07  1204   59586   43440    0        1.8      315.5     2.12e+04
2022 01 07  1205   59586   43500    0        1.8      317.3     2.24e+04
2022 01 07  1206   59586   43560    0        1.9      315.8     2.21e+04
2022 01 07  1207   59586   43620    0        2.0      316.2     2.09e+04
2022 01 07  1208   59586   43680    0        1.9      315.2     1.87e+04
2022 01 07  1209   59586   43740    0        2.0      315.0     1.99e+04
2022 01 07  1210   59586   43800    0        1.8      316.1     1.98e+04
2022 01 07  1211   59586   43860    0        1.6      317.5     2.00e+04
2022 01 07  1212   59586   43920    0        1.7      317.9     2.04e+04
2022 01 07  1213   59586   43980    0        1.6      316.7     2.09e+04
2022 01 07  1214   59586   44040    0        1.5      316.7     2.34e+04
2022 01 07  1215   59586   44100    0        1.9      318.6     2.12e+04
2022 01 07  1216   59586   44160    0        1.8      315.4     2.17e+04
2022 01 07  1217   59586   44220    0        1.7      314.3     1.84e+04
2022 01 07  1218   59586   44280    0        1.6      315.9     2.38e+04
2022 01 07  1219   59586   44340    0        1.7      316.0     2.22e+04
2022 01 07  1220   59586   44400    0        1.7      316.3     2.20e+04
2022 01 07  1221   59586   44460    0        1.7      316.3     2.20e+04
2022 01 07  1222   59586   44520    0        1.7      316.6     2.12e+04
2022 01 07  1223   59586   44580    0        1.6      316.6     2.04e+04
2022 01 07  1224   59586   44640    0        1.8      315.8     2.17e+04
2022 01 07  1225   59586   44700    0        1.8      318.1     2.27e+04
2022 01 07  1226   59586   44760    0        1.9      318.2     2.37e+04
2022 01 07  1227   59586   44820    0        1.9      317.0     2.32e+04
2022 01 07  1228   59586   44880    0        2.0      317.1     2.19e+04
2022 01 07  1229   59586   44940    0        2.1      316.5     2.25e+04
2022 01 07  1230   59586   45000    0        1.9      315.7     2.29e+04
2022 01 07  1231   59586   45060    0        2.0      314.7     2.18e+04
2022 01 07  1232   59586   45120    0        1.8      314.8     2.06e+04
2022 01 07  1233   59586   45180    0        2.1      315.0     2.21e+04
2022 01 07  1234   59586   45240    0        2.0      314.9     2.24e+04
2022 01 07  1235   59586   45300    0        1.7      317.8     2.17e+04
2022 01 07  1236   59586   45360    0        1.9      319.6     1.96e+04
2022 01 07  1237   59586   45420    0        1.8      315.3     2.06e+04
2022 01 07  1238   59586   45480    0        2.0      315.8     2.25e+04
2022 01 07  1239   59586   45540    0        1.4      317.5     1.99e+04
2022 01 07  1240   59586   45600    0        1.4      315.6     2.27e+04
2022 01 07  1241   59586   45660    0        1.6      315.7     2.43e+04
2022 01 07  1242   59586   45720    0        1.7      316.5     2.16e+04
2022 01 07  1243   59586   45780    0        1.8      316.4     2.03e+04
2022 01 07  1244   59586   45840    0        1.9      316.7     1.92e+04
2022 01 07  1245   59586   45900    0        1.9      317.1     1.76e+04
2022 01 07  1246   59586   45960    0        1.7      316.3     1.97e+04
2022 01 07  1247   59586   46020    0        1.7      314.6     1.94e+04
2022 01 07  1248   59586   46080    0        1.9      315.2     1.94e+04
2022 01 07  1249   59586   46140    0        1.9      315.9     1.93e+04
2022 01 07  1250   59586   46200    0        1.6      317.5     2.03e+04
2022 01 07  1251   59586   46260    0        1.6      313.2     2.22e+04
2022 01 07  1252   59586   46320    0        1.6      314.8     2.09e+04
2022 01 07  1253   59586   46380    0        1.5      314.0     2.09e+04
2022 01 07  1254   59586   46440    0        1.5      313.9     2.09e+04
2022 01 07  1255   59586   46500    0        1.7      318.0     2.17e+04
2022 01 07  1256   59586   46560    0        1.9      316.6     2.11e+04
2022 01 07  1257   59586   46620    0        1.6      315.3     2.17e+04
2022 01 07  1258   59586   46680    0        1.7      315.2     2.31e+04
2022 01 07  1259   59586   46740    0        1.9      313.6     2.20e+04
2022 01 07  1300   59586   46800    0        1.8      313.6     2.00e+04
2022 01 07  1301   59586   46860    0        1.8      315.4     1.92e+04
2022 01 07  1302   59586   46920    0        2.0      314.1     1.87e+04
2022 01 07  1303   59586   46980    0        1.9      314.4     2.01e+04
2022 01 07  1304   59586   47040    0        1.7      312.8     1.81e+04
2022 01 07  1305   59586   47100    0        1.6      314.9     1.60e+04
2022 01 07  1306   59586   47160    9    -9999.9    -9999.9    -1.00e+05
2022 01 07  1307   59586   47220    9    -9999.9    -9999.9    -1.00e+05
2022 01 07  1308   59586   47280    0        1.8      313.9     2.13e+04
2022 01 07  1309   59586   47340    0        1.9      314.5     2.05e+04
2022 01 07  1310   59586   47400    0        1.9      310.5     1.65e+04
2022 01 07  1311   59586   47460    0        1.9      309.5     1.57e+04
2022 01 07  1312   59586   47520    0        1.9      315.2     1.98e+04
2022 01 07  1313   59586   47580    0        1.9      315.4     1.82e+04
2022 01 07  1314   59586   47640    0        1.8      314.7     1.79e+04
2022 01 07  1315   59586   47700    0        1.7      313.1     1.89e+04
2022 01 07  1316   59586   47760    0        1.7      314.9     1.93e+04
2022 01 07  1317   59586   47820    0        1.9      318.6     1.87e+04
2022 01 07  1318   59586   47880    0        1.8      317.3     1.78e+04
2022 01 07  1319   59586   47940    0        1.5      315.1     1.80e+04
2022 01 07  1320   59586   48000    0        1.5      313.0     1.93e+04
2022 01 07  1321   59586   48060    0        1.6      312.8     2.02e+04
2022 01 07  1322   59586   48120    0        1.6      313.3     1.92e+04
2022 01 07  1323   59586   48180    0        1.4      312.7     2.08e+04
2022 01 07  1324   59586   48240    0        1.6      314.5     2.06e+04
2022 01 07  1325   59586   48300    0        1.7      317.5     1.94e+04
2022 01 07  1326   59586   48360    3    -9999.9    -9999.9    -1.00e+05
2022 01 07  1327   59586   48420    3    -9999.9    -9999.9    -1.00e+05
2022 01 07  1328   59586   48480    0        1.8      316.3     1.93e+04
2022 01 07  1329   59586   48540    0        2.1      315.5     1.77e+04
2022 01 07  1330   59586   48600    0        2.0      315.3     1.88e+04
2022 01 07  1331   59586   48660    0        1.8      315.5     1.95e+04
2022 01 07  1332   59586   48720    0        1.8      315.6     1.96e+04
2022 01 07  1333   59586   48780    0        1.8      316.1     2.07e+04
2022 01 07  1334   59586   48840    0        1.7      317.0     1.99e+04
2022 01 07  1335   59586   48900    0        1.9      318.1     2.00e+04
2022 01 07  1336   59586   48960    0        2.0      319.8     2.01e+04
2022 01 07  1337   59586   49020    0        1.8      318.5     1.90e+04
2022 01 07  1338   59586   49080    0        1.9      318.0     1.87e+04
2022 01 07  1339   59586   49140    0        1.9      317.9     1.81e+04
2022 01 07  1340   59586   49200    0        2.1      318.4     2.03e+04
2022 01 07  1341   59586   49260    0        1.6      319.3     2.10e+04
2022 01 07  1342   59586   49320    0        2.1      317.6     2.37e+04
2022 01 07  1343   59586   49380    0        2.0      318.5     2.30e+04
2022 01 07  1344   59586   49440    0        2.2      318.0     2.04e+04
2022 01 07  1345   59586   49500    0        2.1      318.6     1.97e+04
2022 01 07  1346   59586   49560    0        2.2      318.2     2.00e+04
2022 01 07  1347   59586   49620    0        2.0      317.5     1.93e+04
2022 01 07  1348   59586   49680    0        1.7      319.1     2.09e+04
2022 01 07  1349   59586   49740    0        2.0      320.0     2.28e+04
2022 01 07  1350   59586   49800    0        2.1      319.1     2.05e+04
2022 01 07  1351   59586   49860    0        2.1      320.7     2.14e+04
2022 01 07  1352   59586   49920    0        2.1      317.9     1.82e+04
2022 01 07  1353   59586   49980    0        2.1      316.5     1.70e+04
2022 01 07  1354   59586   50040    0        1.9      315.9     1.90e+04
2022 01 07  1355   59586   50100    0        2.1      318.1     2.00e+04
2022 01 07  1356   59586   50160    0        1.9      320.7     1.96e+04
2022 01 07  1357   59586   50220    0        2.1      318.9     2.06e+04
2022 01 07  1358   59586   50280    0        1.8      320.8     1.79e+04
2022 01 07  1359   59586   50340    3    -9999.9    -9999.9    -1.00e+05
2022 01 07  1400   59586   50400    3    -9999.9    -9999.9    -1.00e+05
2022 01 07  1401   59586   50460    0        1.7      319.9     1.94e+04
2022 01 07  1402   59586   50520    0        1.7      319.6     1.96e+04
2022 01 07  1403   59586   50580    0        1.8      317.7     1.95e+04
2022 01 07  1404   59586   50640    0        1.8      316.3     1.93e+04
2022 01 07  1405   59586   50700    0        1.5      315.1     1.98e+04
2022 01 07  1406   59586   50760    0        1.6      313.1     1.94e+04
2022 01 07  1407   59586   50820    0        1.3      314.2     1.78e+04
2022 01 07  1408   59586   50880    0        1.2      308.8     1.93e+04
2022 01 07  1409   59586   50940    0        1.5      311.5     2.07e+04
2022 01 07  1410   59586   51000    0        1.9      312.6     1.90e+04
2022 01 07  1411   59586   51060    0        1.7      315.2     2.03e+04
2022 01 07  1412   59586   51120    0        1.8      316.7     1.76e+04
2022 01 07  1413   59586   51180    0        2.0      315.4     1.82e+04
2022 01 07  1414   59586   51240    0        2.1      317.6     1.82e+04
2022 01 07  1415   59586   51300    0        1.7      320.0     2.28e+04
2022 01 07  1416   59586   51360    0        1.1      320.0     2.80e+04
2022 01 07  1417   59586   51420    0        1.1      315.6     2.79e+04
2022 01 07  1418   59586   51480    0        1.5      313.4     2.69e+04
2022 01 07  1419   59586   51540    0        1.5      314.3     2.72e+04
2022 01 07  1420   59586   51600    0        1.4      314.3     2.70e+04
2022 01 07  1421   59586   51660    0        1.5      313.2     2.61e+04
2022 01 07  1422   59586   51720    0        1.5      312.6     2.57e+04
2022 01 07  1423   59586   51780    0        1.6      311.4     2.53e+04
2022 01 07  1424   59586   51840    0        1.2      310.9     2.48e+04
2022 01 07  1425   59586   51900    0        1.4      310.3     2.48e+04
2022 01 07  1426   59586   51960    0        1.7      311.2     2.46e+04
2022 01 07  1427   59586   52020    0        1.5      310.9     2.57e+04
2022 01 07  1428   59586   52080    0        1.4      312.5     2.04e+04
2022 01 07  1429   59586   52140    0        1.5      313.0     2.18e+04
2022 01 07  1430   59586   52200    0        1.5      311.8     2.15e+04
2022 01 07  1431   59586   52260    0        1.7      310.0     2.20e+04
2022 01 07  1432   59586   52320    3    -9999.9    -9999.9    -1.00e+05
2022 01 07  1433   59586   52380    3    -9999.9    -9999.9    -1.00e+05
2022 01 07  1434   59586   52440    0        1.7      311.7     1.97e+04
2022 01 07  1435   59586   52500    0        1.6      312.8     1.88e+04
2022 01 07  1436   59586   52560    0        1.6      313.3     1.88e+04
2022 01 07  1437   59586   52620    0        2.0      312.8     1.96e+04
2022 01 07  1438   59586   52680    0        2.1      314.2     1.92e+04
2022 01 07  1439   59586   52740    0        1.8      316.4     1.99e+04
2022 01 07  1440   59586   52800    0        1.8      318.1     1.76e+04
2022 01 07  1441   59586   52860    0        1.7      316.9     1.90e+04
2022 01 07  1442   59586   52920    0        2.1      315.5     1.60e+04
2022 01 07  1443   59586   52980    0        1.9      313.8     1.91e+04
2022 01 07  1444   59586   53040    0        1.1      310.1     2.98e+04
2022 01 07  1445   59586   53100    0        1.3      318.4     3.89e+04
2022 01 07  1446   59586   53160    0        1.3      316.9     3.96e+04
2022 01 07  1447   59586   53220    0        1.5      315.7     3.75e+04
2022 01 07  1448   59586   53280    0        1.3      315.7     3.68e+04
2022 01 07  1449   59586   53340    0        1.0      316.2     4.34e+04
2022 01 07  1450   59586   53400    0        1.0      317.9     4.55e+04
2022 01 07  1451   59586   53460    0        1.2      315.4     4.36e+04
2022 01 07  1452   59586   53520    0        1.5      311.3     3.85e+04
2022 01 07  1453   59586   53580    0        1.7      311.4     3.11e+04
2022 01 07  1454   59586   53640    0        1.8      312.6     2.94e+04
2022 01 07  1455   59586   53700    0        1.3      314.3     2.90e+04
2022 01 07  1456   59586   53760    0        1.4      315.4     2.86e+04
2022 01 07  1457   59586   53820    0        1.6      317.2     2.41e+04
2022 01 07  1458   59586   53880    0        1.5      317.6     2.40e+04
2022 01 07  1459   59586   53940    0        1.1      320.3     2.55e+04
2022 01 07  1500   59586   54000    0        1.4      315.6     2.96e+04
2022 01 07  1501   59586   54060    0        1.4      315.2     2.72e+04
2022 01 07  1502   59586   54120    0        1.3      315.1     2.84e+04
2022 01 07  1503   59586   54180    0        1.1      314.7     2.95e+04
2022 01 07  1504   59586   54240    0        1.2      316.0     2.71e+04
2022 01 07  1505   59586   54300    3    -9999.9    -9999.9    -1.00e+05
2022 01 07  1506   59586   54360    3    -9999.9    -9999.9    -1.00e+05
2022 01 07  1507   59586   54420    0        0.7      326.9     2.18e+04
2022 01 07  1508   59586   54480    0        0.9      321.0     2.80e+04
2022 01 07  1509   59586   54540    0        1.3      311.9     3.41e+04
2022 01 07  1510   59586   54600    1        1.5      311.4     2.98e+04
2022 01 07  1511   59586   54660    0        1.3      314.0     3.11e+04
2022 01 07  1512   59586   54720    0        1.4      313.2     3.12e+04
2022 01 07  1513   59586   54780    0        1.6      314.2     3.20e+04
2022 01 07  1514   59586   54840    0        1.3      312.1     2.88e+04
2022 01 07  1515   59586   54900    0        1.6      310.3     2.43e+04
2022 01 07  1516   59586   54960    0        1.4      316.1     2.50e+04
2022 01 07  1517   59586   55020    0        1.1      317.0     2.67e+04
2022 01 07  1518   59586   55080    0        1.3      313.4     2.63e+04
2022 01 07  1519   59586   55140    0        1.2      313.2     2.91e+04
2022 01 07  1520   59586   55200    0        1.2      316.0     3.27e+04
2022 01 07  1521   59586   55260    0        1.1      319.2     3.05e+04
2022 01 07  1522   59586   55320    0        1.1      323.6     2.83e+04
2022 01 07  1523   59586   55380    0        1.1      321.7     2.47e+04
2022 01 07  1524   59586   55440    0        1.1      316.5     2.36e+04
2022 01 07  1525   59586   55500    0        1.2      315.0     2.83e+04
2022 01 07  1526   59586   55560    0        1.3      313.2     2.79e+04
2022 01 07  1527   59586   55620    0        1.3      312.3     2.42e+04
2022 01 07  1528   59586   55680    0        1.4      309.9     3.35e+04
2022 01 07  1529   59586   55740    0        1.3      309.9     3.42e+04
2022 01 07  1530   59586   55800    0        1.5      310.6     3.08e+04
2022 01 07  1531   59586   55860    0        1.4      312.5     3.21e+04
2022 01 07  1532   59586   55920    0        1.5      309.4     2.95e+04
2022 01 07  1533   59586   55980    0        1.3      312.5     3.15e+04
2022 01 07  1534   59586   56040    0        1.1      311.2     3.75e+04
2022 01 07  1535   59586   56100    0        1.1      312.3     3.43e+04
2022 01 07  1536   59586   56160    0        1.5      311.0     2.90e+04
2022 01 07  1537   59586   56220    0        1.7      310.1     2.56e+04
2022 01 07  1538   59586   56280    3    -9999.9    -9999.9    -1.00e+05
2022 01 07  1539   59586   56340    3    -9999.9    -9999.9    -1.00e+05
2022 01 07  1540   59586   56400    0        1.1      315.8     2.35e+04
2022 01 07  1541   59586   56460    0        1.1      313.9     2.39e+04
2022 01 07  1542   59586   56520    0        1.1      309.9     2.41e+04
2022 01 07  1543   59586   56580    0        1.2      310.8     2.36e+04
2022 01 07  1544   59586   56640    0        1.1      317.4     2.58e+04
2022 01 07  1545   59586   56700    0        1.1      317.7     2.34e+04
2022 01 07  1546   59586   56760    0        1.3      315.7     3.09e+04
2022 01 07  1547   59586   56820    0        1.4      317.9     2.05e+04
2022 01 07  1548   59586   56880    0        1.4      315.2     2.48e+04
2022 01 07  1549   59586   56940    0        1.1      319.4     2.57e+04
2022 01 07  1550   59586   57000    0        1.3      315.5     2.82e+04
2022 01 07  1551   59586   57060    0        1.3      318.1     2.91e+04
2022 01 07  1552   59586   57120    0        0.9      321.8     3.46e+04
2022 01 07  1553   59586   57180    0        1.4      320.0     3.29e+04
2022 01 07  1554   59586   57240    0        1.7      316.8     2.91e+04
2022 01 07  1555   59586   57300    0        1.6      313.4     2.79e+04
2022 01 07  1556   59586   57360    0        1.5      313.2     2.59e+04
2022 01 07  1557   59586   57420    0        1.4      314.5     2.47e+04
2022 01 07  1558   59586   57480    0        1.4      312.2     2.51e+04
2022 01 07  1559   59586   57540    0        1.5      312.9     2.09e+04
