:Data_list: 20231019_ace_swepam_1m.txt
:Created: 2023 Oct 19 2201 UT
# Prepared by the U.S. Dept. of Commerce, NOAA, Space Weather Prediction Center
# Please send comments and suggestions to SWPC.Webmaster@noaa.gov 
# 
# Units: Proton density p/cc
# Units: Bulk speed km/s
# Units: Ion tempeture degrees K
# Status(S): 0 = nominal data, 1 to 8 = bad data record, 9 = no data
# Missing data values: Density and Speed = -9999.9, Temp. = -1.00e+05
# Source: ACE Satellite - Solar Wind Electron Proton Alpha Monitor
#
#   1-minute averaged Real-time Bulk Parameters of the Solar Wind Plasma
# 
#                Modified Seconds   -------------  Solar Wind  -----------
# UT Date   Time  Julian  of the          Proton      Bulk         Ion
# YR MO DA  HHMM    Day     Day     S    Density     Speed     Temperature
#-------------------------------------------------------------------------
2023 10 19  0000   60236       0    0        1.6      385.3     7.74e+04
2023 10 19  0001   60236      60    0        1.6    -9999.9    -1.00e+05
2023 10 19  0002   60236     120    1        1.9      389.0     9.89e+04
2023 10 19  0003   60236     180    0        1.6      387.4     7.60e+04
2023 10 19  0004   60236     240    0        1.4      389.5     9.34e+04
2023 10 19  0005   60236     300    0        1.4      388.5     9.91e+04
2023 10 19  0006   60236     360    0        1.5      388.2     8.69e+04
2023 10 19  0007   60236     420    0        1.6      388.3     8.35e+04
2023 10 19  0008   60236     480    0        1.7      386.7     9.14e+04
2023 10 19  0009   60236     540    0        1.6      385.1     9.49e+04
2023 10 19  0010   60236     600    0        1.6      383.8     9.68e+04
2023 10 19  0011   60236     660    0        1.6      381.4     9.55e+04
2023 10 19  0012   60236     720    0        1.6      382.0     7.26e+04
2023 10 19  0013   60236     780    0        1.6      388.5     7.36e+04
2023 10 19  0014   60236     840    0        1.3      386.9     6.89e+04
2023 10 19  0015   60236     900    1        1.6      383.7     8.31e+04
2023 10 19  0016   60236     960    1        1.8      382.5     1.01e+05
2023 10 19  0017   60236    1020    1        1.8      378.2     6.81e+04
2023 10 19  0018   60236    1080    0        1.9      380.1     7.94e+04
2023 10 19  0019   60236    1140    1        1.9      385.2     1.22e+05
2023 10 19  0020   60236    1200    1        2.0      386.1     1.39e+05
2023 10 19  0021   60236    1260    0        2.3      386.3     1.35e+05
2023 10 19  0022   60236    1320    0        2.3      386.4     1.25e+05
2023 10 19  0023   60236    1380    0        2.2      384.9     1.31e+05
2023 10 19  0024   60236    1440    0        2.1      380.5     1.13e+05
2023 10 19  0025   60236    1500    1        1.9      380.4     1.07e+05
2023 10 19  0026   60236    1560    0        1.9      384.6     1.36e+05
2023 10 19  0027   60236    1620    1        2.0      384.7     1.44e+05
2023 10 19  0028   60236    1680    1        2.0      388.9     1.72e+05
2023 10 19  0029   60236    1740    1        2.1      393.4     1.77e+05
2023 10 19  0030   60236    1800    0        1.9      392.5     1.53e+05
2023 10 19  0031   60236    1860    0        1.5      378.8     1.01e+05
2023 10 19  0032   60236    1920    1        1.9      388.3     1.57e+05
2023 10 19  0033   60236    1980    1        2.1      383.4     1.51e+05
2023 10 19  0034   60236    2040    1        2.2      383.1     1.51e+05
2023 10 19  0035   60236    2100    1        2.0      376.2     7.09e+04
2023 10 19  0036   60236    2160    1        2.0      382.8     1.23e+05
2023 10 19  0037   60236    2220    0        2.2      387.2     1.47e+05
2023 10 19  0038   60236    2280    0        1.9      387.2     1.17e+05
2023 10 19  0039   60236    2340    1        1.9      382.3     8.45e+04
2023 10 19  0040   60236    2400    1        2.0      380.5     8.47e+04
2023 10 19  0041   60236    2460    0        2.1      382.8     9.38e+04
2023 10 19  0042   60236    2520    0        2.0      385.7     1.13e+05
2023 10 19  0043   60236    2580    0        1.9      392.0     1.58e+05
2023 10 19  0044   60236    2640    0        1.9      397.7     1.74e+05
2023 10 19  0045   60236    2700    1        1.7      393.1     1.52e+05
2023 10 19  0046   60236    2760    0        1.6      386.9     8.69e+04
2023 10 19  0047   60236    2820    0        1.1      380.4     9.41e+04
2023 10 19  0048   60236    2880    0        1.3      382.3     7.96e+04
2023 10 19  0049   60236    2940    0        1.3      386.9     8.73e+04
2023 10 19  0050   60236    3000    0        1.3      387.4     7.94e+04
2023 10 19  0051   60236    3060    0        1.3      387.2     8.16e+04
2023 10 19  0052   60236    3120    0        1.5      388.2     8.76e+04
2023 10 19  0053   60236    3180    0        1.5      390.0     9.10e+04
2023 10 19  0054   60236    3240    0        1.8      393.3     9.00e+04
2023 10 19  0055   60236    3300    0        2.2      396.2     9.00e+04
2023 10 19  0056   60236    3360    0        2.2      398.5     9.78e+04
2023 10 19  0057   60236    3420    0        2.0      399.0     1.04e+05
2023 10 19  0058   60236    3480    0        1.7      396.9     9.84e+04
2023 10 19  0059   60236    3540    0        1.5      393.2     9.30e+04
2023 10 19  0100   60236    3600    1        1.7      390.8     9.53e+04
2023 10 19  0101   60236    3660    0        1.6      393.2     9.24e+04
2023 10 19  0102   60236    3720    0        1.6      388.8     9.89e+04
2023 10 19  0103   60236    3780    0        1.6      385.8     9.44e+04
2023 10 19  0104   60236    3840    0        1.7      394.5     9.70e+04
2023 10 19  0105   60236    3900    0        1.6      396.8     9.76e+04
2023 10 19  0106   60236    3960    0        1.7      398.1     1.00e+05
2023 10 19  0107   60236    4020    0        1.7      398.2     1.01e+05
2023 10 19  0108   60236    4080    0        1.7      398.9     9.91e+04
2023 10 19  0109   60236    4140    0        1.7      399.6     1.04e+05
2023 10 19  0110   60236    4200    0        1.7      401.6     1.08e+05
2023 10 19  0111   60236    4260    0        1.8      401.9     1.06e+05
2023 10 19  0112   60236    4320    0        1.9      401.0     9.81e+04
2023 10 19  0113   60236    4380    0        1.9      397.5     9.47e+04
2023 10 19  0114   60236    4440    0        1.9      394.3     9.45e+04
2023 10 19  0115   60236    4500    0        1.9      395.6     8.68e+04
2023 10 19  0116   60236    4560    0        2.0      397.3     9.29e+04
2023 10 19  0117   60236    4620    0        2.6      406.5     1.18e+05
2023 10 19  0118   60236    4680    0        2.2      404.2     8.93e+04
2023 10 19  0119   60236    4740    0        2.2      407.2     8.93e+04
2023 10 19  0120   60236    4800    0        2.1      409.7     8.97e+04
2023 10 19  0121   60236    4860    0        2.4      407.3     8.67e+04
2023 10 19  0122   60236    4920    0        2.3      404.9     8.95e+04
2023 10 19  0123   60236    4980    0        2.4      406.0     8.63e+04
2023 10 19  0124   60236    5040    0        3.3      403.6     8.90e+04
2023 10 19  0125   60236    5100    0        3.0      408.3     7.98e+04
2023 10 19  0126   60236    5160    0        2.5      410.6     8.15e+04
2023 10 19  0127   60236    5220    0        3.0      410.8     8.30e+04
2023 10 19  0128   60236    5280    0        3.3      409.4     1.26e+05
2023 10 19  0129   60236    5340    0        3.1      408.2     1.57e+05
2023 10 19  0130   60236    5400    0        3.2      405.1     1.37e+05
2023 10 19  0131   60236    5460    1        3.1      400.4     1.38e+05
2023 10 19  0132   60236    5520    0        3.0      402.1     1.44e+05
2023 10 19  0133   60236    5580    1        3.5      396.7     1.33e+05
2023 10 19  0134   60236    5640    0        2.9      398.8     1.20e+05
2023 10 19  0135   60236    5700    1        3.6      392.2     1.14e+05
2023 10 19  0136   60236    5760    1        4.1      393.8     1.53e+05
2023 10 19  0137   60236    5820    1        4.3      396.5     1.74e+05
2023 10 19  0138   60236    5880    1        3.9      401.3     1.55e+05
2023 10 19  0139   60236    5940    0        3.6      404.8     1.34e+05
2023 10 19  0140   60236    6000    0        3.6      405.3     1.31e+05
2023 10 19  0141   60236    6060    1        4.0      401.1     1.76e+05
2023 10 19  0142   60236    6120    0        3.5      404.1     1.46e+05
2023 10 19  0143   60236    6180    1        3.7      404.6     1.37e+05
2023 10 19  0144   60236    6240    1        4.2      401.1     1.56e+05
2023 10 19  0145   60236    6300    1        4.0      403.2     1.57e+05
2023 10 19  0146   60236    6360    0        3.5      410.8     1.39e+05
2023 10 19  0147   60236    6420    0        3.7      409.1     1.44e+05
2023 10 19  0148   60236    6480    1        4.4      400.4     1.53e+05
2023 10 19  0149   60236    6540    0        3.7      403.8     1.36e+05
2023 10 19  0150   60236    6600    0        3.6      402.8     1.44e+05
2023 10 19  0151   60236    6660    0        3.6      404.9     1.52e+05
2023 10 19  0152   60236    6720    0        2.6      407.0     1.13e+05
2023 10 19  0153   60236    6780    0        2.4      406.2     1.14e+05
2023 10 19  0154   60236    6840    0        2.8      403.1     1.17e+05
2023 10 19  0155   60236    6900    0        2.9      400.4     1.29e+05
2023 10 19  0156   60236    6960    0        3.0      400.1     1.35e+05
2023 10 19  0157   60236    7020    0        2.9      400.2     1.22e+05
2023 10 19  0158   60236    7080    0        3.6      413.8     1.23e+05
2023 10 19  0159   60236    7140    0        4.0      412.5     1.09e+05
2023 10 19  0200   60236    7200    0        4.4      412.8     1.09e+05
2023 10 19  0201   60236    7260    0        4.4      419.2     1.12e+05
2023 10 19  0202   60236    7320    0        3.8      416.0     1.01e+05
2023 10 19  0203   60236    7380    0        3.6      411.5     1.02e+05
2023 10 19  0204   60236    7440    0        3.5      409.8     9.70e+04
2023 10 19  0205   60236    7500    0        3.7      411.0     9.45e+04
2023 10 19  0206   60236    7560    0        3.6      411.6     9.18e+04
2023 10 19  0207   60236    7620    0        3.5      412.6     9.17e+04
2023 10 19  0208   60236    7680    0        3.5      411.1     8.84e+04
2023 10 19  0209   60236    7740    0        3.4      410.1     9.40e+04
2023 10 19  0210   60236    7800    0        3.6      408.4     8.79e+04
2023 10 19  0211   60236    7860    0        3.6      406.1     8.90e+04
2023 10 19  0212   60236    7920    0        3.5      406.1     9.43e+04
2023 10 19  0213   60236    7980    0        3.5      406.3     9.58e+04
2023 10 19  0214   60236    8040    0        3.3      405.7     8.97e+04
2023 10 19  0215   60236    8100    0        3.2      405.2     8.82e+04
2023 10 19  0216   60236    8160    0        3.1      404.6     8.96e+04
2023 10 19  0217   60236    8220    0        3.2      405.5     8.96e+04
2023 10 19  0218   60236    8280    0        3.3      404.5     8.71e+04
2023 10 19  0219   60236    8340    0        3.3      400.1     8.81e+04
2023 10 19  0220   60236    8400    0        3.3      399.5     8.73e+04
2023 10 19  0221   60236    8460    0        3.4      400.1     8.63e+04
2023 10 19  0222   60236    8520    0        3.2      398.2     8.97e+04
2023 10 19  0223   60236    8580    0        3.3      399.1     9.75e+04
2023 10 19  0224   60236    8640    0        2.9      398.8     9.96e+04
2023 10 19  0225   60236    8700    0        3.2      399.1     9.34e+04
2023 10 19  0226   60236    8760    0        3.3      400.2     9.81e+04
2023 10 19  0227   60236    8820    0        3.5      399.6     9.36e+04
2023 10 19  0228   60236    8880    0        3.4      401.1     9.95e+04
2023 10 19  0229   60236    8940    0        3.3      401.7     1.08e+05
2023 10 19  0230   60236    9000    0        3.3      401.8     9.83e+04
2023 10 19  0231   60236    9060    0        3.3      400.5     9.40e+04
2023 10 19  0232   60236    9120    0        3.1      399.1     9.65e+04
2023 10 19  0233   60236    9180    0        3.0      399.2     1.01e+05
2023 10 19  0234   60236    9240    0        3.0      399.4     1.03e+05
2023 10 19  0235   60236    9300    0        3.1      398.9     9.99e+04
2023 10 19  0236   60236    9360    0        3.1      399.5     1.03e+05
2023 10 19  0237   60236    9420    0        3.1      400.3     1.02e+05
2023 10 19  0238   60236    9480    0        3.0      400.3     9.66e+04
2023 10 19  0239   60236    9540    0        3.0      401.2     9.65e+04
2023 10 19  0240   60236    9600    0        3.0      395.6     1.10e+05
2023 10 19  0241   60236    9660    1        2.6      391.1     8.82e+04
2023 10 19  0242   60236    9720    0        2.9      395.1     9.58e+04
2023 10 19  0243   60236    9780    0        2.6      393.6     1.08e+05
2023 10 19  0244   60236    9840    0        2.4      393.7     1.13e+05
2023 10 19  0245   60236    9900    0        2.9      393.1     1.01e+05
2023 10 19  0246   60236    9960    0        3.2      392.7     9.56e+04
2023 10 19  0247   60236   10020    0        2.4      400.7     1.49e+05
2023 10 19  0248   60236   10080    0        2.4      398.7     1.52e+05
2023 10 19  0249   60236   10140    0        2.2      396.6     1.44e+05
2023 10 19  0250   60236   10200    0        2.3      393.5     1.37e+05
2023 10 19  0251   60236   10260    0        2.7      388.0     1.38e+05
2023 10 19  0252   60236   10320    0        2.4      386.9     1.13e+05
2023 10 19  0253   60236   10380    0        2.4      387.8     1.07e+05
2023 10 19  0254   60236   10440    0        3.0      401.8     9.13e+04
2023 10 19  0255   60236   10500    0        3.0      402.9     9.24e+04
2023 10 19  0256   60236   10560    0        3.0      401.0     9.74e+04
2023 10 19  0257   60236   10620    0        2.8      404.6     9.12e+04
2023 10 19  0258   60236   10680    0        2.7      401.1     9.45e+04
2023 10 19  0259   60236   10740    0        2.7      399.1     9.28e+04
2023 10 19  0300   60236   10800    0        2.8      398.8     1.02e+05
2023 10 19  0301   60236   10860    0        2.6      397.7     9.82e+04
2023 10 19  0302   60236   10920    0        2.5      397.9     1.02e+05
2023 10 19  0303   60236   10980    0        2.4      398.2     1.02e+05
2023 10 19  0304   60236   11040    0        2.4      398.4     9.78e+04
2023 10 19  0305   60236   11100    0        2.3      398.9     9.46e+04
2023 10 19  0306   60236   11160    0        2.2      399.8     9.17e+04
2023 10 19  0307   60236   11220    0        2.4      400.6     9.03e+04
2023 10 19  0308   60236   11280    0        2.7      400.0     8.89e+04
2023 10 19  0309   60236   11340    0        2.8      399.9     9.36e+04
2023 10 19  0310   60236   11400    0        2.9      400.1     9.52e+04
2023 10 19  0311   60236   11460    0        3.2      400.7     9.05e+04
2023 10 19  0312   60236   11520    0        3.1      398.3     8.84e+04
2023 10 19  0313   60236   11580    0        3.0      398.3     8.54e+04
2023 10 19  0314   60236   11640    0        3.1      399.4     9.05e+04
2023 10 19  0315   60236   11700    0        2.9      398.5     8.83e+04
2023 10 19  0316   60236   11760    0        2.9      397.1     9.08e+04
2023 10 19  0317   60236   11820    0        2.9      396.4     9.49e+04
2023 10 19  0318   60236   11880    0        2.8      397.3     9.76e+04
2023 10 19  0319   60236   11940    0        2.8      397.9     9.83e+04
2023 10 19  0320   60236   12000    0        2.6      395.6     9.55e+04
2023 10 19  0321   60236   12060    0        2.6      396.7     9.47e+04
2023 10 19  0322   60236   12120    0        2.6      396.2     9.49e+04
2023 10 19  0323   60236   12180    0        2.5      393.0     9.26e+04
2023 10 19  0324   60236   12240    0        2.3      393.4     8.19e+04
2023 10 19  0325   60236   12300    0        2.5      394.1     8.44e+04
2023 10 19  0326   60236   12360    0        2.6      393.2     8.97e+04
2023 10 19  0327   60236   12420    0        2.7      393.0     8.08e+04
2023 10 19  0328   60236   12480    0        2.6      395.3     8.97e+04
2023 10 19  0329   60236   12540    0        2.5      394.9     1.06e+05
2023 10 19  0330   60236   12600    0        2.3      393.4     9.78e+04
2023 10 19  0331   60236   12660    0        2.4      396.3     9.77e+04
2023 10 19  0332   60236   12720    0        2.5      398.2     1.01e+05
2023 10 19  0333   60236   12780    0        2.8      398.8     1.00e+05
2023 10 19  0334   60236   12840    0        2.6      396.1     9.42e+04
2023 10 19  0335   60236   12900    0        2.4      395.7     8.89e+04
2023 10 19  0336   60236   12960    0        2.5      396.8     8.99e+04
2023 10 19  0337   60236   13020    0        2.4      395.2     9.38e+04
2023 10 19  0338   60236   13080    0        2.4      393.5     9.31e+04
2023 10 19  0339   60236   13140    0        2.3      394.8     8.80e+04
2023 10 19  0340   60236   13200    0        2.4      393.3     8.73e+04
2023 10 19  0341   60236   13260    0        2.6      390.9     9.34e+04
2023 10 19  0342   60236   13320    0        2.7      390.1     9.43e+04
2023 10 19  0343   60236   13380    0        2.5      388.2     8.59e+04
2023 10 19  0344   60236   13440    0        2.5      392.0     9.12e+04
2023 10 19  0345   60236   13500    0        2.5      391.4     9.11e+04
2023 10 19  0346   60236   13560    0        2.5      389.2     8.62e+04
2023 10 19  0347   60236   13620    0        2.3      388.4     8.09e+04
2023 10 19  0348   60236   13680    0        2.5      388.6     8.45e+04
2023 10 19  0349   60236   13740    0        2.6      388.0     9.45e+04
2023 10 19  0350   60236   13800    0        2.5      388.4     9.43e+04
2023 10 19  0351   60236   13860    0        2.6      388.6     9.54e+04
2023 10 19  0352   60236   13920    0        2.7      388.4     9.80e+04
2023 10 19  0353   60236   13980    0        3.1      386.4     8.98e+04
2023 10 19  0354   60236   14040    0        2.9      385.9     8.73e+04
2023 10 19  0355   60236   14100    0        2.7      385.3     8.79e+04
2023 10 19  0356   60236   14160    0        2.7      385.6     9.37e+04
2023 10 19  0357   60236   14220    0        2.8      384.6     7.84e+04
2023 10 19  0358   60236   14280    9    -9999.9    -9999.9    -1.00e+05
2023 10 19  0359   60236   14340    9    -9999.9    -9999.9    -1.00e+05
2023 10 19  0400   60236   14400    9    -9999.9    -9999.9    -1.00e+05
2023 10 19  0401   60236   14460    9    -9999.9    -9999.9    -1.00e+05
2023 10 19  0402   60236   14520    0        2.9      389.4     9.60e+04
2023 10 19  0403   60236   14580    0        2.7      390.3     1.02e+05
2023 10 19  0404   60236   14640    0        2.7      391.2     1.01e+05
2023 10 19  0405   60236   14700    0        2.5      388.2     8.59e+04
2023 10 19  0406   60236   14760    0        2.7      387.5     8.58e+04
2023 10 19  0407   60236   14820    0        2.7      387.7     8.92e+04
2023 10 19  0408   60236   14880    0        2.4      387.9     8.64e+04
2023 10 19  0409   60236   14940    0        2.5      388.0     8.40e+04
2023 10 19  0410   60236   15000    0        2.6      387.7     8.96e+04
2023 10 19  0411   60236   15060    0        2.3      388.5     9.83e+04
2023 10 19  0412   60236   15120    0        2.2      389.4     9.44e+04
2023 10 19  0413   60236   15180    0        2.4      387.4     8.68e+04
2023 10 19  0414   60236   15240    1        2.4      387.8     8.82e+04
2023 10 19  0415   60236   15300    0        2.2      389.3     1.11e+05
2023 10 19  0416   60236   15360    0        1.9      388.8     8.78e+04
2023 10 19  0417   60236   15420    0        3.0      387.5     8.60e+04
2023 10 19  0418   60236   15480    0        2.6      388.0     9.68e+04
2023 10 19  0419   60236   15540    0        2.6      387.4     9.41e+04
2023 10 19  0420   60236   15600    0        2.7      386.1     8.50e+04
2023 10 19  0421   60236   15660    0        2.7      386.8     9.81e+04
2023 10 19  0422   60236   15720    0        2.6      387.4     1.03e+05
2023 10 19  0423   60236   15780    0        2.6      387.6     1.02e+05
2023 10 19  0424   60236   15840    0        3.0      387.2     9.69e+04
2023 10 19  0425   60236   15900    0        3.3      386.7     9.17e+04
2023 10 19  0426   60236   15960    0        3.0      387.2     1.00e+05
2023 10 19  0427   60236   16020    0        2.9      385.6     9.58e+04
2023 10 19  0428   60236   16080    0        2.7      382.6     8.84e+04
2023 10 19  0429   60236   16140    0        2.7      385.1     9.96e+04
2023 10 19  0430   60236   16200    0        2.6      385.8     1.01e+05
2023 10 19  0431   60236   16260    0        2.6      387.2     1.08e+05
2023 10 19  0432   60236   16320    0        2.6      384.5     1.02e+05
2023 10 19  0433   60236   16380    0        2.6      386.5     9.63e+04
2023 10 19  0434   60236   16440    0        2.6      385.4     8.95e+04
2023 10 19  0435   60236   16500    0        2.7      386.0     8.32e+04
2023 10 19  0436   60236   16560    0        2.5      385.3     8.11e+04
2023 10 19  0437   60236   16620    0        2.6      385.8     8.72e+04
2023 10 19  0438   60236   16680    0        2.6      384.5     8.91e+04
2023 10 19  0439   60236   16740    0        2.5      384.4     8.59e+04
2023 10 19  0440   60236   16800    0        2.6      385.3     8.66e+04
2023 10 19  0441   60236   16860    0        2.7      386.1     8.66e+04
2023 10 19  0442   60236   16920    0        2.9      386.8     8.13e+04
2023 10 19  0443   60236   16980    0        3.2      386.5     7.75e+04
2023 10 19  0444   60236   17040    0        3.1      386.0     7.69e+04
2023 10 19  0445   60236   17100    0        3.3      384.3     8.23e+04
2023 10 19  0446   60236   17160    0        3.7      385.1     8.74e+04
2023 10 19  0447   60236   17220    0        3.3      386.9     7.42e+04
2023 10 19  0448   60236   17280    0        3.5      386.3     7.82e+04
2023 10 19  0449   60236   17340    0        3.4      387.4     8.10e+04
2023 10 19  0450   60236   17400    0        3.4      387.0     7.96e+04
2023 10 19  0451   60236   17460    0        3.2      386.0     8.25e+04
2023 10 19  0452   60236   17520    0        3.2      387.8     8.60e+04
2023 10 19  0453   60236   17580    0        3.3      388.0     8.98e+04
2023 10 19  0454   60236   17640    0        3.4      388.1     8.44e+04
2023 10 19  0455   60236   17700    0        3.3      386.6     8.28e+04
2023 10 19  0456   60236   17760    0        3.3      385.4     8.24e+04
2023 10 19  0457   60236   17820    0        3.4      386.2     8.19e+04
2023 10 19  0458   60236   17880    0        3.5      387.1     8.41e+04
2023 10 19  0459   60236   17940    0        3.3      387.1     8.13e+04
2023 10 19  0500   60236   18000    0        3.3      387.0     8.17e+04
2023 10 19  0501   60236   18060    0        3.3      386.5     8.23e+04
2023 10 19  0502   60236   18120    0        3.7      385.7     7.93e+04
2023 10 19  0503   60236   18180    0        3.5      384.8     8.69e+04
2023 10 19  0504   60236   18240    0        3.3      384.9     8.64e+04
2023 10 19  0505   60236   18300    0        3.7      385.9     8.37e+04
2023 10 19  0506   60236   18360    0        3.6      385.1     7.82e+04
2023 10 19  0507   60236   18420    0        3.3      385.4     8.12e+04
2023 10 19  0508   60236   18480    0        2.9      384.5     8.46e+04
2023 10 19  0509   60236   18540    0        2.7      386.3     8.01e+04
2023 10 19  0510   60236   18600    0        2.7      385.8     7.79e+04
2023 10 19  0511   60236   18660    0        3.0      382.5     8.08e+04
2023 10 19  0512   60236   18720    0        3.2      381.7     8.09e+04
2023 10 19  0513   60236   18780    0        3.0      383.7     7.90e+04
2023 10 19  0514   60236   18840    0        2.9      383.2     7.65e+04
2023 10 19  0515   60236   18900    0        3.1      381.0     7.40e+04
2023 10 19  0516   60236   18960    0        2.8      382.6     7.69e+04
2023 10 19  0517   60236   19020    0        2.9      383.1     7.20e+04
2023 10 19  0518   60236   19080    0        2.9      381.7     7.76e+04
2023 10 19  0519   60236   19140    0        3.2      378.6     9.14e+04
2023 10 19  0520   60236   19200    0        3.1      380.2     8.05e+04
2023 10 19  0521   60236   19260    0        3.0      380.7     7.76e+04
2023 10 19  0522   60236   19320    0        3.2      378.8     8.74e+04
2023 10 19  0523   60236   19380    0        3.1      382.0     8.41e+04
2023 10 19  0524   60236   19440    0        3.0      383.5     8.15e+04
2023 10 19  0525   60236   19500    0        2.9      383.4     7.85e+04
2023 10 19  0526   60236   19560    0        2.4      371.9     4.74e+04
2023 10 19  0527   60236   19620    0        3.0      379.7     8.53e+04
2023 10 19  0528   60236   19680    0        3.7      388.5     1.18e+05
2023 10 19  0529   60236   19740    0        3.1      379.9     8.36e+04
2023 10 19  0530   60236   19800    0        2.9      378.8     7.87e+04
2023 10 19  0531   60236   19860    0        3.7      391.6     1.26e+05
2023 10 19  0532   60236   19920    3    -9999.9    -9999.9    -1.00e+05
2023 10 19  0533   60236   19980    3    -9999.9    -9999.9    -1.00e+05
2023 10 19  0534   60236   20040    0        3.0      380.1     6.41e+04
2023 10 19  0535   60236   20100    0        3.2      375.8     6.79e+04
2023 10 19  0536   60236   20160    0        3.3      375.9     7.01e+04
2023 10 19  0537   60236   20220    0        3.3      379.1     7.18e+04
2023 10 19  0538   60236   20280    0        3.2      376.4     7.16e+04
2023 10 19  0539   60236   20340    0        3.2      375.8     7.26e+04
2023 10 19  0540   60236   20400    0        3.2      377.8     7.12e+04
2023 10 19  0541   60236   20460    0        3.3      378.5     6.73e+04
2023 10 19  0542   60236   20520    0        3.2      379.2     7.11e+04
2023 10 19  0543   60236   20580    0        3.1      379.6     6.89e+04
2023 10 19  0544   60236   20640    0        2.8      380.4     6.95e+04
2023 10 19  0545   60236   20700    0        2.7      380.9     7.85e+04
2023 10 19  0546   60236   20760    0        2.8      380.1     8.14e+04
2023 10 19  0547   60236   20820    0        2.6      380.1     7.47e+04
2023 10 19  0548   60236   20880    0        2.7      381.6     7.21e+04
2023 10 19  0549   60236   20940    0        2.7      380.7     7.74e+04
2023 10 19  0550   60236   21000    0        2.6      383.2     6.82e+04
2023 10 19  0551   60236   21060    0        2.7      381.6     7.28e+04
2023 10 19  0552   60236   21120    0        2.8      382.8     7.55e+04
2023 10 19  0553   60236   21180    0        2.7      367.5     3.16e+04
2023 10 19  0554   60236   21240    0        2.4      373.2     5.14e+04
2023 10 19  0555   60236   21300    1        3.2      395.8     1.43e+05
2023 10 19  0556   60236   21360    0        3.0      387.2     9.26e+04
2023 10 19  0557   60236   21420    0        3.1      387.2     9.42e+04
2023 10 19  0558   60236   21480    0        3.4      394.0     1.17e+05
2023 10 19  0559   60236   21540    0        3.0      389.1     9.63e+04
2023 10 19  0600   60236   21600    0        2.4      376.1     5.81e+04
2023 10 19  0601   60236   21660    0        2.6      377.5     7.27e+04
2023 10 19  0602   60236   21720    0        2.9      385.5     9.78e+04
2023 10 19  0603   60236   21780    0        2.4      377.3     6.23e+04
2023 10 19  0604   60236   21840    0        2.0      370.4     4.39e+04
2023 10 19  0605   60236   21900    3    -9999.9    -9999.9    -1.00e+05
2023 10 19  0606   60236   21960    3    -9999.9    -9999.9    -1.00e+05
2023 10 19  0607   60236   22020    1        3.2      392.4     1.26e+05
2023 10 19  0608   60236   22080    0        2.0      366.7     3.45e+04
2023 10 19  0609   60236   22140    1        3.4      388.9     1.27e+05
2023 10 19  0610   60236   22200    0        3.5      386.7     1.02e+05
2023 10 19  0611   60236   22260    0        3.0      382.0     7.92e+04
2023 10 19  0612   60236   22320    1        2.7      382.8     7.76e+04
2023 10 19  0613   60236   22380    0        2.5      383.8     8.51e+04
2023 10 19  0614   60236   22440    0        2.6      383.3     8.22e+04
2023 10 19  0615   60236   22500    1        2.6      379.8     7.26e+04
2023 10 19  0616   60236   22560    1        2.5      381.2     9.48e+04
2023 10 19  0617   60236   22620    1        2.5      382.7     1.01e+05
2023 10 19  0618   60236   22680    0        2.6      380.2     7.07e+04
2023 10 19  0619   60236   22740    0        2.5      380.7     6.97e+04
2023 10 19  0620   60236   22800    0        2.5      380.4     7.77e+04
2023 10 19  0621   60236   22860    0        2.3      382.3     8.21e+04
2023 10 19  0622   60236   22920    0        2.2      380.2     7.53e+04
2023 10 19  0623   60236   22980    0        2.6      377.4     8.81e+04
2023 10 19  0624   60236   23040    0        2.2      379.8     7.70e+04
2023 10 19  0625   60236   23100    0        2.5      379.1     7.13e+04
2023 10 19  0626   60236   23160    0        2.4      378.4     8.21e+04
2023 10 19  0627   60236   23220    0        2.3      375.4     7.80e+04
2023 10 19  0628   60236   23280    0        2.5      377.0     7.89e+04
2023 10 19  0629   60236   23340    0        2.4      375.7     6.98e+04
2023 10 19  0630   60236   23400    0        2.3      375.3     7.03e+04
2023 10 19  0631   60236   23460    1        2.6      380.6     9.50e+04
2023 10 19  0632   60236   23520    1        2.9      387.4     1.29e+05
2023 10 19  0633   60236   23580    1        2.9      385.6     1.18e+05
2023 10 19  0634   60236   23640    0        2.4      373.0     6.77e+04
2023 10 19  0635   60236   23700    0        2.0      366.0     5.37e+04
2023 10 19  0636   60236   23760    0        2.6      379.2     8.69e+04
2023 10 19  0637   60236   23820    1        3.0      392.1     1.34e+05
2023 10 19  0638   60236   23880    3    -9999.9    -9999.9    -1.00e+05
2023 10 19  0639   60236   23940    3    -9999.9    -9999.9    -1.00e+05
2023 10 19  0640   60236   24000    0        2.6      376.1     6.76e+04
2023 10 19  0641   60236   24060    0        2.4      373.6     6.55e+04
2023 10 19  0642   60236   24120    0        2.0      366.6     3.74e+04
2023 10 19  0643   60236   24180    1        3.0      382.6     1.17e+05
2023 10 19  0644   60236   24240    0        2.9      385.4     1.10e+05
2023 10 19  0645   60236   24300    0        2.1      371.1     6.17e+04
2023 10 19  0646   60236   24360    1        2.4      380.3     9.88e+04
2023 10 19  0647   60236   24420    0        2.7      386.0     1.14e+05
2023 10 19  0648   60236   24480    0        2.6      382.1     9.17e+04
2023 10 19  0649   60236   24540    0        2.0      372.2     6.79e+04
2023 10 19  0650   60236   24600    0        1.8      366.4     5.86e+04
2023 10 19  0651   60236   24660    0        2.3      375.3     7.28e+04
2023 10 19  0652   60236   24720    0        2.2      374.6     6.85e+04
2023 10 19  0653   60236   24780    0        2.0      374.5     6.97e+04
2023 10 19  0654   60236   24840    0        1.8      372.8     7.63e+04
2023 10 19  0655   60236   24900    0        1.9      374.9     7.96e+04
2023 10 19  0656   60236   24960    1        2.0      378.5     6.75e+04
2023 10 19  0657   60236   25020    0        2.6      377.8     5.57e+04
2023 10 19  0658   60236   25080    1        2.9      375.8     5.85e+04
2023 10 19  0659   60236   25140    1        2.9      380.1     7.86e+04
2023 10 19  0700   60236   25200    0        3.0      382.9     7.95e+04
2023 10 19  0701   60236   25260    0        3.0      382.1     7.64e+04
2023 10 19  0702   60236   25320    0        2.6      380.2     7.08e+04
2023 10 19  0703   60236   25380    0        2.5      380.2     6.94e+04
2023 10 19  0704   60236   25440    0        2.6      380.6     7.61e+04
2023 10 19  0705   60236   25500    0        2.6      379.9     8.06e+04
2023 10 19  0706   60236   25560    0        2.7      380.0     8.02e+04
2023 10 19  0707   60236   25620    0        2.8      381.8     8.03e+04
2023 10 19  0708   60236   25680    0        2.7      382.6     7.52e+04
2023 10 19  0709   60236   25740    0        2.7      381.7     7.49e+04
2023 10 19  0710   60236   25800    3    -9999.9    -9999.9    -1.00e+05
2023 10 19  0711   60236   25860    0        2.1    -9999.9    -1.00e+05
2023 10 19  0712   60236   25920    0        2.1      378.4     6.80e+04
2023 10 19  0713   60236   25980    0        2.5      382.1     9.61e+04
2023 10 19  0714   60236   26040    0        2.5      383.5     8.11e+04
2023 10 19  0715   60236   26100    0        2.3      380.9     6.88e+04
2023 10 19  0716   60236   26160    0        2.2      380.3     6.67e+04
2023 10 19  0717   60236   26220    0        2.3      379.2     6.98e+04
2023 10 19  0718   60236   26280    0        2.4      378.9     7.07e+04
2023 10 19  0719   60236   26340    0        2.4      377.4     7.26e+04
2023 10 19  0720   60236   26400    0        2.5      375.7     7.23e+04
2023 10 19  0721   60236   26460    0        2.3      376.5     6.83e+04
2023 10 19  0722   60236   26520    0        2.2      376.9     6.67e+04
2023 10 19  0723   60236   26580    0        2.5      374.9     6.96e+04
2023 10 19  0724   60236   26640    0        2.6      375.4     7.02e+04
2023 10 19  0725   60236   26700    0        2.5      375.5     7.19e+04
2023 10 19  0726   60236   26760    0        2.4      375.7     5.85e+04
2023 10 19  0727   60236   26820    0        2.3      375.3     6.53e+04
2023 10 19  0728   60236   26880    0        2.2      375.5     6.96e+04
2023 10 19  0729   60236   26940    0        2.0      378.8     6.63e+04
2023 10 19  0730   60236   27000    0        2.0      378.5     6.73e+04
2023 10 19  0731   60236   27060    0        2.2      375.7     7.84e+04
2023 10 19  0732   60236   27120    0        2.3      375.9     7.97e+04
2023 10 19  0733   60236   27180    0        2.2      377.8     6.76e+04
2023 10 19  0734   60236   27240    0        2.2      375.8     7.79e+04
2023 10 19  0735   60236   27300    0        2.2      376.3     8.08e+04
2023 10 19  0736   60236   27360    0        2.1      379.4     7.13e+04
2023 10 19  0737   60236   27420    0        2.3      379.2     6.92e+04
2023 10 19  0738   60236   27480    0        2.2      376.7     7.38e+04
2023 10 19  0739   60236   27540    0        1.7      377.1     7.59e+04
2023 10 19  0740   60236   27600    0        1.8      377.3     7.45e+04
2023 10 19  0741   60236   27660    0        1.7      373.8     6.59e+04
2023 10 19  0742   60236   27720    0        1.4      375.8     7.22e+04
2023 10 19  0743   60236   27780    3    -9999.9    -9999.9    -1.00e+05
2023 10 19  0744   60236   27840    9    -9999.9    -9999.9    -1.00e+05
2023 10 19  0745   60236   27900    0        1.8      371.6     7.34e+04
2023 10 19  0746   60236   27960    0        1.8      372.9     7.17e+04
2023 10 19  0747   60236   28020    0        1.8      373.0     7.02e+04
2023 10 19  0748   60236   28080    0        1.7      374.5     6.23e+04
2023 10 19  0749   60236   28140    0        1.8      373.1     6.59e+04
2023 10 19  0750   60236   28200    0        1.6      372.7     7.84e+04
2023 10 19  0751   60236   28260    0        1.5      375.7     7.29e+04
2023 10 19  0752   60236   28320    0        1.3      377.3     6.20e+04
2023 10 19  0753   60236   28380    0        1.3      376.5     6.38e+04
2023 10 19  0754   60236   28440    0        1.3      376.6     6.93e+04
2023 10 19  0755   60236   28500    0        1.3      377.9     7.05e+04
2023 10 19  0756   60236   28560    0        1.5      378.2     7.28e+04
2023 10 19  0757   60236   28620    0        1.4      375.9     7.37e+04
2023 10 19  0758   60236   28680    0        1.4      377.3     7.42e+04
2023 10 19  0759   60236   28740    0        1.5      374.7     7.31e+04
2023 10 19  0800   60236   28800    0        1.5      376.1     7.04e+04
2023 10 19  0801   60236   28860    0        0.9      383.6     7.39e+04
2023 10 19  0802   60236   28920    0        0.9      385.4     1.03e+05
2023 10 19  0803   60236   28980    0        1.1      380.1     7.79e+04
2023 10 19  0804   60236   29040    0        1.1      378.6     7.11e+04
2023 10 19  0805   60236   29100    0        1.3      378.1     7.37e+04
2023 10 19  0806   60236   29160    0        1.2      375.8     8.18e+04
2023 10 19  0807   60236   29220    0        1.1      376.7     8.44e+04
2023 10 19  0808   60236   29280    0        1.2      380.7     8.60e+04
2023 10 19  0809   60236   29340    0        1.1      383.0     9.93e+04
2023 10 19  0810   60236   29400    0        1.0      381.3     1.07e+05
2023 10 19  0811   60236   29460    0        1.1      377.9     9.24e+04
2023 10 19  0812   60236   29520    0        1.1      374.0     8.11e+04
2023 10 19  0813   60236   29580    1        1.3      367.5     8.03e+04
2023 10 19  0814   60236   29640    0        1.3      373.4     9.86e+04
2023 10 19  0815   60236   29700    0        1.2      375.5     1.11e+05
2023 10 19  0816   60236   29760    3    -9999.9    -9999.9    -1.00e+05
2023 10 19  0817   60236   29820    3    -9999.9    -9999.9    -1.00e+05
2023 10 19  0818   60236   29880    0        1.5      372.0     9.72e+04
2023 10 19  0819   60236   29940    1        1.5      376.6     9.25e+04
2023 10 19  0820   60236   30000    0        1.6      377.4     1.01e+05
2023 10 19  0821   60236   30060    0        1.2      375.3     1.15e+05
2023 10 19  0822   60236   30120    0        1.1      376.6     1.08e+05
2023 10 19  0823   60236   30180    0        1.3      373.0     1.08e+05
2023 10 19  0824   60236   30240    0        1.3      373.5     1.04e+05
2023 10 19  0825   60236   30300    0        1.3      376.9     8.76e+04
2023 10 19  0826   60236   30360    0        1.4      378.6     8.17e+04
2023 10 19  0827   60236   30420    0        1.3      382.5     8.70e+04
2023 10 19  0828   60236   30480    0        1.4      381.9     8.73e+04
2023 10 19  0829   60236   30540    0        1.4      388.2     9.47e+04
2023 10 19  0830   60236   30600    0        1.4      389.0     1.02e+05
2023 10 19  0831   60236   30660    0        1.4      385.5     9.86e+04
2023 10 19  0832   60236   30720    0        1.4      383.5     9.73e+04
2023 10 19  0833   60236   30780    0        1.2      383.4     8.24e+04
2023 10 19  0834   60236   30840    0        1.2      383.1     8.66e+04
2023 10 19  0835   60236   30900    0        1.2      384.7     9.47e+04
2023 10 19  0836   60236   30960    0        1.2      384.7     9.68e+04
2023 10 19  0837   60236   31020    0        1.3      383.3     9.07e+04
2023 10 19  0838   60236   31080    0        1.2      384.2     9.30e+04
2023 10 19  0839   60236   31140    0        1.3      383.4     1.02e+05
2023 10 19  0840   60236   31200    0        1.3      382.7     9.90e+04
2023 10 19  0841   60236   31260    0        1.3      382.7     9.02e+04
2023 10 19  0842   60236   31320    0        1.3      383.4     8.65e+04
2023 10 19  0843   60236   31380    0        1.3      386.5     9.23e+04
2023 10 19  0844   60236   31440    0        1.4      387.3     1.10e+05
2023 10 19  0845   60236   31500    0        1.3      386.2     9.72e+04
2023 10 19  0846   60236   31560    0        1.2      384.2     9.85e+04
2023 10 19  0847   60236   31620    0        1.0      383.8     9.03e+04
2023 10 19  0848   60236   31680    0        1.2      384.3     9.59e+04
2023 10 19  0849   60236   31740    3    -9999.9    -9999.9    -1.00e+05
2023 10 19  0850   60236   31800    3    -9999.9    -9999.9    -1.00e+05
2023 10 19  0851   60236   31860    0        1.2      380.1     1.02e+05
2023 10 19  0852   60236   31920    0        1.0      380.8     9.20e+04
2023 10 19  0853   60236   31980    0        0.9      379.6     9.53e+04
2023 10 19  0854   60236   32040    0        1.3      382.9     1.01e+05
2023 10 19  0855   60236   32100    0        1.5      384.4     9.82e+04
2023 10 19  0856   60236   32160    0        1.4      385.5     9.28e+04
2023 10 19  0857   60236   32220    1        1.4      384.8     8.92e+04
2023 10 19  0858   60236   32280    0        1.4      381.5     8.65e+04
2023 10 19  0859   60236   32340    0        1.4      381.4     8.71e+04
2023 10 19  0900   60236   32400    0        1.4      383.2     8.87e+04
2023 10 19  0901   60236   32460    0        1.1      386.9     8.96e+04
2023 10 19  0902   60236   32520    0        1.4      380.6     8.67e+04
2023 10 19  0903   60236   32580    0        1.6      382.6     9.04e+04
2023 10 19  0904   60236   32640    0        1.6      382.4     8.51e+04
2023 10 19  0905   60236   32700    0        0.9      376.6     9.64e+04
2023 10 19  0906   60236   32760    0        0.8      371.7     8.26e+04
2023 10 19  0907   60236   32820    0        1.0      372.9     7.22e+04
2023 10 19  0908   60236   32880    0        1.0      371.3     6.99e+04
2023 10 19  0909   60236   32940    1        1.0      367.1     6.77e+04
2023 10 19  0910   60236   33000    0        1.1      368.1     7.53e+04
2023 10 19  0911   60236   33060    0        1.1      370.7     7.53e+04
2023 10 19  0912   60236   33120    0        1.2      372.5     7.98e+04
2023 10 19  0913   60236   33180    0        1.3      375.1     8.45e+04
2023 10 19  0914   60236   33240    0        1.3      376.3     8.00e+04
2023 10 19  0915   60236   33300    0        1.4      375.8     7.94e+04
2023 10 19  0916   60236   33360    0        1.3      378.1     7.71e+04
2023 10 19  0917   60236   33420    0        1.4      376.5     7.95e+04
2023 10 19  0918   60236   33480    0        1.4      371.9     8.13e+04
2023 10 19  0919   60236   33540    0        1.4      375.3     7.25e+04
2023 10 19  0920   60236   33600    0        1.5      370.0     9.47e+04
2023 10 19  0921   60236   33660    0        1.4      371.5     7.38e+04
2023 10 19  0922   60236   33720    3    -9999.9    -9999.9    -1.00e+05
2023 10 19  0923   60236   33780    3    -9999.9    -9999.9    -1.00e+05
2023 10 19  0924   60236   33840    1        1.3      369.4     6.87e+04
2023 10 19  0925   60236   33900    0        1.2      371.2     8.20e+04
2023 10 19  0926   60236   33960    0        1.3      375.8     7.84e+04
2023 10 19  0927   60236   34020    0        1.5      374.7     7.93e+04
2023 10 19  0928   60236   34080    0        1.6      371.4     7.07e+04
2023 10 19  0929   60236   34140    0        1.6      372.2     6.86e+04
2023 10 19  0930   60236   34200    0        1.5      374.8     7.64e+04
2023 10 19  0931   60236   34260    0        1.4      374.6     7.02e+04
2023 10 19  0932   60236   34320    0        1.7      373.2     8.33e+04
2023 10 19  0933   60236   34380    0        1.9      374.9     8.13e+04
2023 10 19  0934   60236   34440    0        1.9      375.5     7.71e+04
2023 10 19  0935   60236   34500    0        1.6      371.1     7.43e+04
2023 10 19  0936   60236   34560    0        1.4      372.2     7.91e+04
2023 10 19  0937   60236   34620    0        1.6      373.6     7.61e+04
2023 10 19  0938   60236   34680    0        1.5      372.4     7.58e+04
2023 10 19  0939   60236   34740    0        1.1      368.1     6.06e+04
2023 10 19  0940   60236   34800    0        1.3      365.9     7.36e+04
2023 10 19  0941   60236   34860    0        1.4      369.5     6.93e+04
2023 10 19  0942   60236   34920    0        1.4      371.4     6.69e+04
2023 10 19  0943   60236   34980    1        1.5      365.9     7.18e+04
2023 10 19  0944   60236   35040    1        1.5      363.5     7.25e+04
2023 10 19  0945   60236   35100    0        1.4      367.3     6.65e+04
2023 10 19  0946   60236   35160    0        1.3      368.8     7.16e+04
2023 10 19  0947   60236   35220    0        1.4      366.4     8.79e+04
2023 10 19  0948   60236   35280    1        1.4      364.2     8.09e+04
2023 10 19  0949   60236   35340    1        1.3      365.4     6.47e+04
2023 10 19  0950   60236   35400    0        1.2      369.5     6.55e+04
2023 10 19  0951   60236   35460    0        1.4      365.5     7.28e+04
2023 10 19  0952   60236   35520    0        1.4      369.3     6.84e+04
2023 10 19  0953   60236   35580    0        1.2      373.0     7.29e+04
2023 10 19  0954   60236   35640    0        1.4      369.4     9.92e+04
2023 10 19  0955   60236   35700    3    -9999.9    -9999.9    -1.00e+05
2023 10 19  0956   60236   35760    3    -9999.9    -9999.9    -1.00e+05
2023 10 19  0957   60236   35820    1        1.4      365.7     7.53e+04
2023 10 19  0958   60236   35880    0        1.4      367.3     6.71e+04
2023 10 19  0959   60236   35940    9    -9999.9    -9999.9    -1.00e+05
2023 10 19  1000   60236   36000    9    -9999.9    -9999.9    -1.00e+05
2023 10 19  1001   60236   36060    9    -9999.9    -9999.9    -1.00e+05
2023 10 19  1002   60236   36120    0        1.6      364.9     6.93e+04
2023 10 19  1003   60236   36180    0        1.6      365.3     6.58e+04
2023 10 19  1004   60236   36240    0        1.5      366.8     5.84e+04
2023 10 19  1005   60236   36300    0        1.4      368.0     6.18e+04
2023 10 19  1006   60236   36360    0        1.2      365.6     6.76e+04
2023 10 19  1007   60236   36420    0        1.5      363.4     7.66e+04
2023 10 19  1008   60236   36480    0        1.2      368.8     6.57e+04
2023 10 19  1009   60236   36540    0        1.4      366.1     7.36e+04
2023 10 19  1010   60236   36600    0        1.5      366.7     6.20e+04
2023 10 19  1011   60236   36660    0        1.4      368.0     6.28e+04
2023 10 19  1012   60236   36720    0        1.4      366.7     5.94e+04
2023 10 19  1013   60236   36780    0        1.3      367.2     6.17e+04
2023 10 19  1014   60236   36840    0        1.3      365.5     6.03e+04
2023 10 19  1015   60236   36900    0        1.2      364.9     6.58e+04
2023 10 19  1016   60236   36960    0        1.3      364.1     6.81e+04
2023 10 19  1017   60236   37020    0        1.6      362.8     6.34e+04
2023 10 19  1018   60236   37080    0        1.8      364.7     5.92e+04
2023 10 19  1019   60236   37140    0        1.6      367.7     5.59e+04
2023 10 19  1020   60236   37200    0        1.5      366.1     6.37e+04
2023 10 19  1021   60236   37260    0        1.5      365.5     8.08e+04
2023 10 19  1022   60236   37320    0        1.4      364.5     6.17e+04
2023 10 19  1023   60236   37380    0        1.3      364.4     5.70e+04
2023 10 19  1024   60236   37440    0        1.3      365.9     6.68e+04
2023 10 19  1025   60236   37500    0        1.4      366.2     6.71e+04
2023 10 19  1026   60236   37560    0        1.5      368.5     6.22e+04
2023 10 19  1027   60236   37620    0        1.7      368.4     5.72e+04
2023 10 19  1028   60236   37680    3    -9999.9    -9999.9    -1.00e+05
2023 10 19  1029   60236   37740    3    -9999.9    -9999.9    -1.00e+05
2023 10 19  1030   60236   37800    0        2.0      367.1     6.81e+04
2023 10 19  1031   60236   37860    0        1.9      365.6     6.92e+04
2023 10 19  1032   60236   37920    0        1.8      366.9     6.86e+04
2023 10 19  1033   60236   37980    0        1.6      368.4     6.85e+04
2023 10 19  1034   60236   38040    0        1.4      368.1     6.66e+04
2023 10 19  1035   60236   38100    0        1.3      369.7     6.04e+04
2023 10 19  1036   60236   38160    0        1.5      363.5     7.56e+04
2023 10 19  1037   60236   38220    0        1.4      364.2     7.31e+04
2023 10 19  1038   60236   38280    0        1.4      368.2     6.00e+04
2023 10 19  1039   60236   38340    0        1.2      369.4     5.15e+04
2023 10 19  1040   60236   38400    0        1.2      367.2     5.79e+04
2023 10 19  1041   60236   38460    0        1.5      364.3     6.58e+04
2023 10 19  1042   60236   38520    0        1.3      369.4     6.81e+04
2023 10 19  1043   60236   38580    0        1.2      371.9     7.00e+04
2023 10 19  1044   60236   38640    0        1.1      372.2     6.36e+04
2023 10 19  1045   60236   38700    0        1.2      370.1     6.41e+04
2023 10 19  1046   60236   38760    0        1.5      369.6     6.17e+04
2023 10 19  1047   60236   38820    0        1.5      370.1     7.30e+04
2023 10 19  1048   60236   38880    0        1.4      368.8     7.86e+04
2023 10 19  1049   60236   38940    0        1.4      368.4     6.66e+04
2023 10 19  1050   60236   39000    0        1.4      369.5     6.32e+04
2023 10 19  1051   60236   39060    0        1.4      368.9     7.19e+04
2023 10 19  1052   60236   39120    0        1.4      369.4     6.40e+04
2023 10 19  1053   60236   39180    0        1.4      370.7     5.70e+04
2023 10 19  1054   60236   39240    0        1.5      370.5     6.94e+04
2023 10 19  1055   60236   39300    0        1.6      365.0     8.43e+04
2023 10 19  1056   60236   39360    0        1.8      367.0     7.34e+04
2023 10 19  1057   60236   39420    0        1.5      370.7     5.83e+04
2023 10 19  1058   60236   39480    0        1.3      367.7     6.69e+04
2023 10 19  1059   60236   39540    0        1.4      369.3     6.84e+04
2023 10 19  1100   60236   39600    0        1.5      369.7     5.90e+04
2023 10 19  1101   60236   39660    0        1.5      367.5     5.92e+04
2023 10 19  1102   60236   39720    0        1.5      366.5     6.04e+04
2023 10 19  1103   60236   39780    0        1.6      369.5     6.54e+04
2023 10 19  1104   60236   39840    0        1.6      369.2     6.67e+04
2023 10 19  1105   60236   39900    0        1.6      367.7     6.61e+04
2023 10 19  1106   60236   39960    0        1.5      365.2     6.50e+04
2023 10 19  1107   60236   40020    0        1.4      364.6     6.62e+04
2023 10 19  1108   60236   40080    0        1.4      367.1     6.27e+04
2023 10 19  1109   60236   40140    1        1.3      367.9     6.21e+04
2023 10 19  1110   60236   40200    0        1.4      371.4     6.69e+04
2023 10 19  1111   60236   40260    0        1.5      368.5     6.74e+04
2023 10 19  1112   60236   40320    0        1.4      368.8     6.12e+04
2023 10 19  1113   60236   40380    0        1.6      365.0     7.24e+04
2023 10 19  1114   60236   40440    0        1.6      364.9     7.47e+04
2023 10 19  1115   60236   40500    0        1.6      368.7     6.49e+04
2023 10 19  1116   60236   40560    0        1.5      371.1     5.97e+04
2023 10 19  1117   60236   40620    0        1.5      369.9     5.88e+04
2023 10 19  1118   60236   40680    0        1.6      366.6     6.36e+04
2023 10 19  1119   60236   40740    0        1.7      365.5     6.30e+04
2023 10 19  1120   60236   40800    0        1.6      364.4     6.66e+04
2023 10 19  1121   60236   40860    0        1.2      360.6     6.07e+04
2023 10 19  1122   60236   40920    0        1.3      362.8     6.24e+04
2023 10 19  1123   60236   40980    1        1.6      370.1     8.51e+04
2023 10 19  1124   60236   41040    0        1.3      362.6     6.23e+04
2023 10 19  1125   60236   41100    0        1.0      355.6     5.40e+04
2023 10 19  1126   60236   41160    1        1.7      370.9     9.93e+04
2023 10 19  1127   60236   41220    1        1.4      369.1     7.35e+04
2023 10 19  1128   60236   41280    0        1.4      364.4     5.96e+04
2023 10 19  1129   60236   41340    0        0.9      348.9     5.61e+04
2023 10 19  1130   60236   41400    1        1.6      366.8     9.80e+04
2023 10 19  1131   60236   41460    0        1.4      366.2     7.17e+04
2023 10 19  1132   60236   41520    0        1.2      356.8     4.81e+04
2023 10 19  1133   60236   41580    1        1.5      365.1     8.84e+04
2023 10 19  1134   60236   41640    0        1.4      367.0     8.24e+04
2023 10 19  1135   60236   41700    0        1.2      365.5     6.77e+04
2023 10 19  1136   60236   41760    3    -9999.9    -9999.9    -1.00e+05
2023 10 19  1137   60236   41820    3    -9999.9    -9999.9    -1.00e+05
2023 10 19  1138   60236   41880    1        1.5      364.1     7.41e+04
2023 10 19  1139   60236   41940    0        1.5      360.7     5.33e+04
2023 10 19  1140   60236   42000    0        1.5      361.6     5.82e+04
2023 10 19  1141   60236   42060    0        1.7      371.1     7.82e+04
2023 10 19  1142   60236   42120    0        1.5      367.9     7.05e+04
2023 10 19  1143   60236   42180    0        1.4      364.5     6.32e+04
2023 10 19  1144   60236   42240    0        1.2      354.5     4.25e+04
2023 10 19  1145   60236   42300    0        1.7      369.0     7.35e+04
2023 10 19  1146   60236   42360    0        1.7      370.0     7.63e+04
2023 10 19  1147   60236   42420    0        1.5      361.0     5.78e+04
2023 10 19  1148   60236   42480    0        1.6      365.5     6.46e+04
2023 10 19  1149   60236   42540    0        1.6      365.1     6.11e+04
2023 10 19  1150   60236   42600    0        1.5      365.9     5.41e+04
2023 10 19  1151   60236   42660    0        1.5      364.6     5.74e+04
2023 10 19  1152   60236   42720    0        1.6      361.9     6.32e+04
2023 10 19  1153   60236   42780    0        1.5      361.9     6.20e+04
2023 10 19  1154   60236   42840    0        1.4      364.0     6.13e+04
2023 10 19  1155   60236   42900    0        1.4      366.7     6.40e+04
2023 10 19  1156   60236   42960    0        1.4      369.0     6.08e+04
2023 10 19  1157   60236   43020    0        1.6      369.4     6.52e+04
2023 10 19  1158   60236   43080    0        1.5      365.4     6.61e+04
2023 10 19  1159   60236   43140    0        1.5      364.2     6.85e+04
2023 10 19  1200   60236   43200    0        1.7      368.0     8.59e+04
2023 10 19  1201   60236   43260    0        2.0      365.9     9.59e+04
2023 10 19  1202   60236   43320    0        1.5      361.9     6.19e+04
2023 10 19  1203   60236   43380    0        1.3      357.4     5.47e+04
2023 10 19  1204   60236   43440    0        1.7      368.2     8.46e+04
2023 10 19  1205   60236   43500    0        1.5      368.7     6.85e+04
2023 10 19  1206   60236   43560    0        1.2      357.4     5.37e+04
2023 10 19  1207   60236   43620    1        1.4      362.8     8.32e+04
2023 10 19  1208   60236   43680    1        1.8      371.4     1.07e+05
2023 10 19  1209   60236   43740    3    -9999.9    -9999.9    -1.00e+05
2023 10 19  1210   60236   43800    3    -9999.9    -9999.9    -1.00e+05
2023 10 19  1211   60236   43860    0        1.5      366.2     6.80e+04
2023 10 19  1212   60236   43920    0        1.6      370.8     1.02e+05
2023 10 19  1213   60236   43980    1        1.4      366.4     6.64e+04
2023 10 19  1214   60236   44040    1        1.2      356.3     5.09e+04
2023 10 19  1215   60236   44100    1        1.5      374.5     9.75e+04
2023 10 19  1216   60236   44160    0        1.4      363.4     5.22e+04
2023 10 19  1217   60236   44220    0        1.3      363.1     5.39e+04
2023 10 19  1218   60236   44280    0        1.3      351.4     5.26e+04
2023 10 19  1219   60236   44340    1        1.8      369.6     9.89e+04
2023 10 19  1220   60236   44400    0        1.6      369.1     7.86e+04
2023 10 19  1221   60236   44460    0        1.4      362.6     6.08e+04
2023 10 19  1222   60236   44520    0        1.7      366.8     7.54e+04
2023 10 19  1223   60236   44580    0        1.6      369.4     7.64e+04
2023 10 19  1224   60236   44640    0        1.4      366.5     6.52e+04
2023 10 19  1225   60236   44700    0        1.2      359.3     5.09e+04
2023 10 19  1226   60236   44760    0        1.3      358.5     5.91e+04
2023 10 19  1227   60236   44820    0        1.6      371.0     9.66e+04
2023 10 19  1228   60236   44880    1        1.7      373.2     9.00e+04
2023 10 19  1229   60236   44940    0        1.6      362.7     6.80e+04
2023 10 19  1230   60236   45000    0        1.5      363.2     6.91e+04
2023 10 19  1231   60236   45060    0        1.5      367.5     5.83e+04
2023 10 19  1232   60236   45120    0        1.1      366.2     4.64e+04
2023 10 19  1233   60236   45180    0        1.3      361.2     6.02e+04
2023 10 19  1234   60236   45240    1        1.3      362.3     5.45e+04
2023 10 19  1235   60236   45300    0        1.3      363.6     5.62e+04
2023 10 19  1236   60236   45360    0        1.3      358.9     7.07e+04
2023 10 19  1237   60236   45420    0        1.4      359.5     6.71e+04
2023 10 19  1238   60236   45480    0        1.3      365.2     7.02e+04
2023 10 19  1239   60236   45540    0        1.3      363.0     6.30e+04
2023 10 19  1240   60236   45600    0        1.0      355.9     4.38e+04
2023 10 19  1241   60236   45660    1        0.7      352.7     3.29e+04
2023 10 19  1242   60236   45720    3    -9999.9    -9999.9    -1.00e+05
2023 10 19  1243   60236   45780    3    -9999.9    -9999.9    -1.00e+05
2023 10 19  1244   60236   45840    1        1.3      359.5     6.41e+04
2023 10 19  1245   60236   45900    0        1.1      351.7     5.49e+04
2023 10 19  1246   60236   45960    0        1.6      366.0     9.03e+04
2023 10 19  1247   60236   46020    0        1.3      363.4     6.20e+04
2023 10 19  1248   60236   46080    0        1.5      360.6     7.04e+04
2023 10 19  1249   60236   46140    0        1.7      369.5     1.07e+05
2023 10 19  1250   60236   46200    0        1.3      364.7     6.75e+04
2023 10 19  1251   60236   46260    0        1.2      358.9     4.91e+04
2023 10 19  1252   60236   46320    0        1.2      354.3     5.38e+04
2023 10 19  1253   60236   46380    0        1.4      363.0     8.57e+04
2023 10 19  1254   60236   46440    0        1.3      361.2     6.94e+04
2023 10 19  1255   60236   46500    0        1.1      352.7     5.03e+04
2023 10 19  1256   60236   46560    0        1.2      358.7     7.11e+04
2023 10 19  1257   60236   46620    0        1.4      366.4     7.84e+04
2023 10 19  1258   60236   46680    0        1.3      363.0     5.61e+04
2023 10 19  1259   60236   46740    0        1.3      361.5     4.87e+04
2023 10 19  1300   60236   46800    0        1.1      363.4     5.33e+04
2023 10 19  1301   60236   46860    0        1.6      369.6     9.00e+04
2023 10 19  1302   60236   46920    0        1.4      365.5     6.26e+04
2023 10 19  1303   60236   46980    0        1.4      356.3     5.64e+04
2023 10 19  1304   60236   47040    0        1.7      369.6     7.57e+04
2023 10 19  1305   60236   47100    0        1.4      367.2     5.85e+04
2023 10 19  1306   60236   47160    0        1.3      364.4     5.78e+04
2023 10 19  1307   60236   47220    1        1.3      363.5     6.51e+04
2023 10 19  1308   60236   47280    1        1.4      360.0     5.66e+04
2023 10 19  1309   60236   47340    0        1.3      360.5     5.06e+04
2023 10 19  1310   60236   47400    0        1.3      359.8     5.40e+04
2023 10 19  1311   60236   47460    1        1.3      361.5     6.18e+04
2023 10 19  1312   60236   47520    1        1.3      363.9     6.27e+04
2023 10 19  1313   60236   47580    0        1.2      363.1     6.08e+04
2023 10 19  1314   60236   47640    0        1.1      361.6     6.22e+04
2023 10 19  1315   60236   47700    3    -9999.9    -9999.9    -1.00e+05
2023 10 19  1316   60236   47760    3    -9999.9    -9999.9    -1.00e+05
2023 10 19  1317   60236   47820    0        1.2      359.2     5.73e+04
2023 10 19  1318   60236   47880    0        1.3      353.2     5.44e+04
2023 10 19  1319   60236   47940    0        1.5      360.2     6.64e+04
2023 10 19  1320   60236   48000    0        1.3      362.8     6.49e+04
2023 10 19  1321   60236   48060    0        1.1      360.0     3.88e+04
2023 10 19  1322   60236   48120    0        0.9      351.9     3.56e+04
2023 10 19  1323   60236   48180    0        1.5      363.6     6.48e+04
2023 10 19  1324   60236   48240    0        1.3      364.5     5.33e+04
2023 10 19  1325   60236   48300    1        1.2      356.5     4.59e+04
2023 10 19  1326   60236   48360    0        1.2      354.0     5.18e+04
2023 10 19  1327   60236   48420    0        1.2      358.9     6.00e+04
2023 10 19  1328   60236   48480    0        1.3      360.1     6.17e+04
2023 10 19  1329   60236   48540    0        1.4      353.8     4.83e+04
2023 10 19  1330   60236   48600    0        1.7      354.5     4.77e+04
2023 10 19  1331   60236   48660    0        1.8      364.5     6.40e+04
2023 10 19  1332   60236   48720    0        1.3      362.4     4.02e+04
2023 10 19  1333   60236   48780    0        1.3      356.7     4.59e+04
2023 10 19  1334   60236   48840    1        1.4      343.5     9.24e+04
2023 10 19  1335   60236   48900    0        1.7      353.3     8.50e+04
2023 10 19  1336   60236   48960    0        1.6      353.7     6.58e+04
2023 10 19  1337   60236   49020    0        0.8      345.5     3.93e+04
2023 10 19  1338   60236   49080    0        0.9      365.5     6.80e+04
2023 10 19  1339   60236   49140    0        1.0      359.5     5.98e+04
2023 10 19  1340   60236   49200    0        1.1      354.8     5.37e+04
2023 10 19  1341   60236   49260    0        1.1      349.4     2.57e+04
2023 10 19  1342   60236   49320    0        1.2      353.8     7.30e+04
2023 10 19  1343   60236   49380    0        1.2      360.7     9.17e+04
2023 10 19  1344   60236   49440    0        1.1      354.9     5.82e+04
2023 10 19  1345   60236   49500    1        1.2      355.1     5.52e+04
2023 10 19  1346   60236   49560    0        1.3      363.8     7.27e+04
2023 10 19  1347   60236   49620    0        1.2      359.6     6.03e+04
2023 10 19  1348   60236   49680    3    -9999.9    -9999.9    -1.00e+05
2023 10 19  1349   60236   49740    3    -9999.9    -9999.9    -1.00e+05
2023 10 19  1350   60236   49800    0        3.7      353.6     3.26e+04
2023 10 19  1351   60236   49860    0        3.8      353.4     3.08e+04
2023 10 19  1352   60236   49920    0        4.0      353.6     3.62e+04
2023 10 19  1353   60236   49980    0        3.6      356.2     3.27e+04
2023 10 19  1354   60236   50040    0        4.1      358.2     3.55e+04
2023 10 19  1355   60236   50100    0        3.3      358.1     3.46e+04
2023 10 19  1356   60236   50160    0        1.7      347.2     2.43e+04
2023 10 19  1357   60236   50220    0        3.1      358.9     4.38e+04
2023 10 19  1358   60236   50280    0        3.9      361.9     4.78e+04
2023 10 19  1359   60236   50340    0        3.7      356.7     3.80e+04
2023 10 19  1400   60236   50400    0        3.7      355.0     3.44e+04
2023 10 19  1401   60236   50460    0        3.8      355.9     3.57e+04
2023 10 19  1402   60236   50520    0        3.6      355.6     3.42e+04
2023 10 19  1403   60236   50580    0        2.9      352.2     3.21e+04
2023 10 19  1404   60236   50640    0        1.8      349.6     4.46e+04
2023 10 19  1405   60236   50700    0        2.0      360.5     7.67e+04
2023 10 19  1406   60236   50760    0        1.6      356.1     4.95e+04
2023 10 19  1407   60236   50820    0        1.6      352.2     5.10e+04
2023 10 19  1408   60236   50880    0        1.4      348.5     4.58e+04
2023 10 19  1409   60236   50940    0        1.9      355.6     6.31e+04
2023 10 19  1410   60236   51000    0        1.5      355.7     5.19e+04
2023 10 19  1411   60236   51060    1        1.4      345.9     3.98e+04
2023 10 19  1412   60236   51120    0        1.3      353.9     5.94e+04
2023 10 19  1413   60236   51180    0        1.8      351.8     5.27e+04
2023 10 19  1414   60236   51240    0        1.8      351.9     4.54e+04
2023 10 19  1415   60236   51300    0        1.4      345.1     3.89e+04
2023 10 19  1416   60236   51360    0        1.5      346.2     5.74e+04
2023 10 19  1417   60236   51420    0        1.7      352.8     6.63e+04
2023 10 19  1418   60236   51480    0        1.5      351.8     4.45e+04
2023 10 19  1419   60236   51540    0        1.3      353.0     4.86e+04
2023 10 19  1420   60236   51600    0        1.3      356.0     7.29e+04
2023 10 19  1421   60236   51660    3    -9999.9    -9999.9    -1.00e+05
2023 10 19  1422   60236   51720    3    -9999.9    -9999.9    -1.00e+05
2023 10 19  1423   60236   51780    0        1.0      337.4     4.70e+04
2023 10 19  1424   60236   51840    0        0.9      343.5     5.00e+04
2023 10 19  1425   60236   51900    0        1.2      340.0     5.75e+04
2023 10 19  1426   60236   51960    0        0.9      349.7     4.66e+04
2023 10 19  1427   60236   52020    0        1.1      348.0     4.26e+04
2023 10 19  1428   60236   52080    0        1.0      349.0     3.77e+04
2023 10 19  1429   60236   52140    0        1.0      349.1     3.93e+04
2023 10 19  1430   60236   52200    0        1.2      348.7     5.21e+04
2023 10 19  1431   60236   52260    0        1.5      347.8     6.31e+04
2023 10 19  1432   60236   52320    0        1.4      350.1     6.28e+04
2023 10 19  1433   60236   52380    0        1.2      352.9     6.16e+04
2023 10 19  1434   60236   52440    0        1.2      354.0     5.99e+04
2023 10 19  1435   60236   52500    0        1.1      356.9     5.19e+04
2023 10 19  1436   60236   52560    0        1.0      356.7     5.06e+04
2023 10 19  1437   60236   52620    0        0.8      349.7     4.35e+04
2023 10 19  1438   60236   52680    1        0.9      339.5     3.60e+04
2023 10 19  1439   60236   52740    0        1.3      348.9     7.06e+04
2023 10 19  1440   60236   52800    0        1.2      350.3     6.10e+04
2023 10 19  1441   60236   52860    0        1.2      346.9     5.31e+04
2023 10 19  1442   60236   52920    0        1.4      350.5     5.44e+04
2023 10 19  1443   60236   52980    0        1.3      352.6     5.04e+04
2023 10 19  1444   60236   53040    0        1.3      351.2     4.95e+04
2023 10 19  1445   60236   53100    0        1.1      347.5     3.99e+04
2023 10 19  1446   60236   53160    0        1.5      352.7     6.49e+04
2023 10 19  1447   60236   53220    0        1.5      356.6     7.28e+04
2023 10 19  1448   60236   53280    0        1.3      353.3     5.67e+04
2023 10 19  1449   60236   53340    0        1.1      344.4     4.27e+04
2023 10 19  1450   60236   53400    0        1.2      344.4     5.92e+04
2023 10 19  1451   60236   53460    0        1.6      354.7     8.69e+04
2023 10 19  1452   60236   53520    0        1.4      348.5     5.62e+04
2023 10 19  1453   60236   53580    0        1.5      342.4     4.42e+04
2023 10 19  1454   60236   53640    3    -9999.9    -9999.9    -1.00e+05
2023 10 19  1455   60236   53700    3    -9999.9    -9999.9    -1.00e+05
2023 10 19  1456   60236   53760    0        1.3      352.4     5.81e+04
2023 10 19  1457   60236   53820    1        0.9      335.4     2.66e+04
2023 10 19  1458   60236   53880    0        1.4      348.7     8.03e+04
2023 10 19  1459   60236   53940    0        1.5      348.3     6.51e+04
2023 10 19  1500   60236   54000    0        1.3      345.9     4.74e+04
2023 10 19  1501   60236   54060    0        1.4      353.1     6.03e+04
2023 10 19  1502   60236   54120    0        1.6      350.5     5.27e+04
2023 10 19  1503   60236   54180    0        1.4      350.2     4.35e+04
2023 10 19  1504   60236   54240    0        1.3      350.8     4.76e+04
2023 10 19  1505   60236   54300    0        1.4      347.6     5.43e+04
2023 10 19  1506   60236   54360    0        1.4      346.7     5.30e+04
2023 10 19  1507   60236   54420    0        1.4      348.1     4.76e+04
2023 10 19  1508   60236   54480    0        1.4      348.4     4.98e+04
2023 10 19  1509   60236   54540    0        1.3      349.1     4.46e+04
2023 10 19  1510   60236   54600    0        1.4      350.5     4.88e+04
2023 10 19  1511   60236   54660    0        1.6      351.9     4.10e+04
2023 10 19  1512   60236   54720    1        2.1      348.4     6.11e+04
2023 10 19  1513   60236   54780    0        1.6      345.0     5.40e+04
2023 10 19  1514   60236   54840    0        1.3      353.5     6.48e+04
2023 10 19  1515   60236   54900    0        1.5      350.1     4.89e+04
2023 10 19  1516   60236   54960    0        1.5      350.6     4.87e+04
2023 10 19  1517   60236   55020    0        1.7      351.4     5.33e+04
2023 10 19  1518   60236   55080    0        1.5      351.3     5.58e+04
2023 10 19  1519   60236   55140    0        1.4      346.4     4.28e+04
2023 10 19  1520   60236   55200    0        1.5      347.3     6.43e+04
2023 10 19  1521   60236   55260    0        1.8      355.6     9.00e+04
2023 10 19  1522   60236   55320    0        1.8      356.9     7.19e+04
2023 10 19  1523   60236   55380    0        1.6      351.1     5.40e+04
2023 10 19  1524   60236   55440    0        1.8      353.2     5.28e+04
2023 10 19  1525   60236   55500    0        1.7      354.7     5.44e+04
2023 10 19  1526   60236   55560    0        1.6      351.2     5.45e+04
2023 10 19  1527   60236   55620    3    -9999.9    -9999.9    -1.00e+05
2023 10 19  1528   60236   55680    3    -9999.9    -9999.9    -1.00e+05
2023 10 19  1529   60236   55740    0        1.9      354.8     6.95e+04
2023 10 19  1530   60236   55800    0        1.7      356.4     5.46e+04
2023 10 19  1531   60236   55860    1        1.2      345.7     2.99e+04
2023 10 19  1532   60236   55920    0        1.9      355.9     7.62e+04
2023 10 19  1533   60236   55980    0        2.1      358.4     8.32e+04
2023 10 19  1534   60236   56040    1        1.4      346.2     5.85e+04
2023 10 19  1535   60236   56100    0        1.4      351.0     6.18e+04
2023 10 19  1536   60236   56160    0        1.8      360.8     7.80e+04
2023 10 19  1537   60236   56220    0        2.0      357.9     6.63e+04
2023 10 19  1538   60236   56280    0        1.9      352.7     4.63e+04
2023 10 19  1539   60236   56340    0        2.0      353.1     5.03e+04
2023 10 19  1540   60236   56400    0        2.0      355.5     5.42e+04
2023 10 19  1541   60236   56460    0        1.8      356.8     4.57e+04
2023 10 19  1542   60236   56520    0        1.6      349.2     4.25e+04
2023 10 19  1543   60236   56580    0        2.0      358.7     7.15e+04
2023 10 19  1544   60236   56640    0        1.8      355.5     4.48e+04
2023 10 19  1545   60236   56700    0        1.8      351.3     5.29e+04
2023 10 19  1546   60236   56760    1        2.1      348.7     5.47e+04
2023 10 19  1547   60236   56820    0        2.1      350.0     5.44e+04
2023 10 19  1548   60236   56880    0        1.9      350.4     4.60e+04
2023 10 19  1549   60236   56940    1        1.9      342.5     4.08e+04
2023 10 19  1550   60236   57000    0        2.1      344.0     4.28e+04
2023 10 19  1551   60236   57060    0        2.1      349.5     4.19e+04
2023 10 19  1552   60236   57120    0        2.0      351.3     4.42e+04
2023 10 19  1553   60236   57180    0        1.8      345.9     4.02e+04
2023 10 19  1554   60236   57240    1        1.8      344.1     5.16e+04
2023 10 19  1555   60236   57300    0        2.3      353.6     8.23e+04
2023 10 19  1556   60236   57360    0        2.2      354.1     6.13e+04
2023 10 19  1557   60236   57420    0        2.0      351.3     5.10e+04
2023 10 19  1558   60236   57480    9    -9999.9    -9999.9    -1.00e+05
2023 10 19  1559   60236   57540    9    -9999.9    -9999.9    -1.00e+05
2023 10 19  1600   60236   57600    9    -9999.9    -9999.9    -1.00e+05
2023 10 19  1601   60236   57660    9    -9999.9    -9999.9    -1.00e+05
2023 10 19  1602   60236   57720    0        1.7      354.5     5.81e+04
2023 10 19  1603   60236   57780    0        2.3      358.6     7.75e+04
2023 10 19  1604   60236   57840    0        1.7      345.1     4.96e+04
2023 10 19  1605   60236   57900    0        2.4      348.3     5.54e+04
2023 10 19  1606   60236   57960    0        2.4      353.8     6.32e+04
2023 10 19  1607   60236   58020    0        2.0      354.5     5.58e+04
2023 10 19  1608   60236   58080    0        1.7      345.3     4.27e+04
2023 10 19  1609   60236   58140    0        1.8      343.7     5.38e+04
2023 10 19  1610   60236   58200    0        2.1      354.2     7.18e+04
2023 10 19  1611   60236   58260    0        1.9      354.7     6.04e+04
2023 10 19  1612   60236   58320    0        2.0      352.7     5.32e+04
2023 10 19  1613   60236   58380    0        1.8      353.6     4.44e+04
2023 10 19  1614   60236   58440    0        1.7      348.8     4.34e+04
2023 10 19  1615   60236   58500    0        1.3      358.0     5.50e+04
2023 10 19  1616   60236   58560    0        1.5      336.9     3.44e+04
2023 10 19  1617   60236   58620    0        1.9      354.4     7.62e+04
2023 10 19  1618   60236   58680    0        2.2      348.1     5.52e+04
2023 10 19  1619   60236   58740    0        1.9      351.3     4.40e+04
2023 10 19  1620   60236   58800    1        1.8      339.4     3.88e+04
2023 10 19  1621   60236   58860    0        2.1      347.0     6.53e+04
2023 10 19  1622   60236   58920    0        2.2      350.2     5.93e+04
2023 10 19  1623   60236   58980    1        1.9      341.9     4.96e+04
2023 10 19  1624   60236   59040    1        1.6      343.8     4.80e+04
2023 10 19  1625   60236   59100    0        1.4      352.1     4.53e+04
2023 10 19  1626   60236   59160    0        1.4      352.9     4.48e+04
2023 10 19  1627   60236   59220    0        1.6      352.2     6.54e+04
2023 10 19  1628   60236   59280    0        1.8      349.0     9.94e+04
2023 10 19  1629   60236   59340    0        2.0      342.8     5.30e+04
2023 10 19  1630   60236   59400    0        2.0      348.7     4.69e+04
2023 10 19  1631   60236   59460    0        3.0      346.6     5.87e+04
2023 10 19  1632   60236   59520    0        0.8      357.7     4.98e+04
2023 10 19  1633   60236   59580    0        0.8    -9999.9    -1.00e+05
2023 10 19  1634   60236   59640    0        1.8      343.0     5.72e+04
2023 10 19  1635   60236   59700    0        2.1      340.4     5.65e+04
2023 10 19  1636   60236   59760    0        1.7      345.7     5.25e+04
2023 10 19  1637   60236   59820    0        1.7      346.6     4.52e+04
2023 10 19  1638   60236   59880    0        1.8      344.7     5.09e+04
2023 10 19  1639   60236   59940    0        1.9      344.6     4.85e+04
2023 10 19  1640   60236   60000    0        1.9      346.2     4.05e+04
2023 10 19  1641   60236   60060    0        1.8      347.3     3.93e+04
2023 10 19  1642   60236   60120    0        1.6      341.2     3.81e+04
2023 10 19  1643   60236   60180    0        1.7      334.4     4.62e+04
2023 10 19  1644   60236   60240    0        2.2      345.4     7.21e+04
2023 10 19  1645   60236   60300    0        1.8      350.1     5.42e+04
2023 10 19  1646   60236   60360    0        1.8      345.0     3.97e+04
2023 10 19  1647   60236   60420    0        1.6      348.9     4.20e+04
2023 10 19  1648   60236   60480    0        1.7      344.3     4.50e+04
2023 10 19  1649   60236   60540    0        1.5      350.8     4.61e+04
2023 10 19  1650   60236   60600    0        1.4      333.6     3.15e+04
2023 10 19  1651   60236   60660    0        2.5      344.8     7.14e+04
2023 10 19  1652   60236   60720    0        2.5      351.8     7.42e+04
2023 10 19  1653   60236   60780    0        2.0      348.1     5.50e+04
2023 10 19  1654   60236   60840    0        1.9      346.8     5.25e+04
2023 10 19  1655   60236   60900    0        1.8      351.0     5.02e+04
2023 10 19  1656   60236   60960    0        1.6      352.6     4.48e+04
2023 10 19  1657   60236   61020    0        1.4      345.0     4.56e+04
2023 10 19  1658   60236   61080    0        1.6      341.8     5.93e+04
2023 10 19  1659   60236   61140    0        2.3      351.9     7.06e+04
2023 10 19  1700   60236   61200    0        1.8      354.0     5.12e+04
2023 10 19  1701   60236   61260    0        1.7      348.9     5.32e+04
2023 10 19  1702   60236   61320    0        2.0      347.1     8.84e+04
2023 10 19  1703   60236   61380    0        1.7      345.6     5.53e+04
2023 10 19  1704   60236   61440    0        1.8      350.4     4.31e+04
2023 10 19  1705   60236   61500    0        2.3      345.4     9.81e+04
2023 10 19  1706   60236   61560    0        2.4      345.2     1.00e+05
2023 10 19  1707   60236   61620    3    -9999.9    -9999.9    -1.00e+05
2023 10 19  1708   60236   61680    0        1.8      349.8     4.83e+04
2023 10 19  1709   60236   61740    0        1.8      349.8     6.02e+04
2023 10 19  1710   60236   61800    0        1.9      347.8     6.28e+04
2023 10 19  1711   60236   61860    0        1.7      351.2     5.26e+04
2023 10 19  1712   60236   61920    0        1.7      351.2     5.43e+04
2023 10 19  1713   60236   61980    0        1.8      350.3     5.73e+04
2023 10 19  1714   60236   62040    0        1.7      354.7     4.55e+04
2023 10 19  1715   60236   62100    0        1.6      356.3     4.07e+04
2023 10 19  1716   60236   62160    0        1.7      353.5     5.12e+04
2023 10 19  1717   60236   62220    0        2.0      348.1     6.14e+04
2023 10 19  1718   60236   62280    0        2.0      349.0     5.52e+04
2023 10 19  1719   60236   62340    0        1.5      355.2     3.75e+04
2023 10 19  1720   60236   62400    0        1.6      351.0     5.84e+04
2023 10 19  1721   60236   62460    0        1.7      348.2     5.44e+04
2023 10 19  1722   60236   62520    0        1.6      351.5     5.23e+04
2023 10 19  1723   60236   62580    0        1.8      348.1     4.91e+04
2023 10 19  1724   60236   62640    0        1.6      336.0     4.11e+04
2023 10 19  1725   60236   62700    0        1.8      344.6     7.79e+04
2023 10 19  1726   60236   62760    0        1.7      354.8     8.32e+04
2023 10 19  1727   60236   62820    0        1.6      349.0     6.54e+04
2023 10 19  1728   60236   62880    0        1.6      350.6     6.35e+04
2023 10 19  1729   60236   62940    0        1.7      355.5     6.57e+04
2023 10 19  1730   60236   63000    0        1.5      352.0     5.31e+04
2023 10 19  1731   60236   63060    0        1.1      346.5     4.11e+04
2023 10 19  1732   60236   63120    0        1.0      331.1     4.06e+04
2023 10 19  1733   60236   63180    1        1.7      336.4     4.48e+04
2023 10 19  1734   60236   63240    0        1.7      351.7     6.50e+04
2023 10 19  1735   60236   63300    0        1.8      333.9     5.67e+04
2023 10 19  1736   60236   63360    0        1.3      345.9     4.69e+04
2023 10 19  1737   60236   63420    0        1.0      347.2     3.84e+04
2023 10 19  1738   60236   63480    0        1.1      341.7     3.78e+04
2023 10 19  1739   60236   63540    0        1.2      341.1     3.78e+04
2023 10 19  1740   60236   63600    3    -9999.9    -9999.9    -1.00e+05
2023 10 19  1741   60236   63660    0        1.3      339.2     3.57e+04
2023 10 19  1742   60236   63720    0        1.3      340.7     4.36e+04
2023 10 19  1743   60236   63780    0        0.9      335.8     4.41e+04
2023 10 19  1744   60236   63840    0        0.7      335.6     4.41e+04
2023 10 19  1745   60236   63900    0        1.0      338.4     4.27e+04
2023 10 19  1746   60236   63960    0        1.4      335.6     3.97e+04
2023 10 19  1747   60236   64020    0        1.6      335.4     4.18e+04
2023 10 19  1748   60236   64080    0        1.3      339.2     3.67e+04
2023 10 19  1749   60236   64140    0        1.1      340.4     4.07e+04
2023 10 19  1750   60236   64200    0        1.2      339.0     3.88e+04
2023 10 19  1751   60236   64260    0        1.4      333.3     5.54e+04
2023 10 19  1752   60236   64320    0        1.4      335.4     4.92e+04
2023 10 19  1753   60236   64380    0        1.4      335.8     3.96e+04
2023 10 19  1754   60236   64440    1        1.5      333.5     3.90e+04
2023 10 19  1755   60236   64500    0        1.5      329.7     4.21e+04
2023 10 19  1756   60236   64560    0        1.4      333.1     5.15e+04
2023 10 19  1757   60236   64620    0        1.2      341.1     4.98e+04
2023 10 19  1758   60236   64680    0        1.4      335.5     7.32e+04
2023 10 19  1759   60236   64740    0        1.6      331.6     7.61e+04
2023 10 19  1800   60236   64800    0        1.4      332.2     6.93e+04
2023 10 19  1801   60236   64860    0        1.4      332.2     6.75e+04
2023 10 19  1802   60236   64920    0        1.5      336.1     6.55e+04
2023 10 19  1803   60236   64980    0        1.4      338.7     6.43e+04
2023 10 19  1804   60236   65040    0        1.5      330.3     4.67e+04
2023 10 19  1805   60236   65100    0        1.8      331.6     3.93e+04
2023 10 19  1806   60236   65160    1        2.6      332.2     4.11e+04
2023 10 19  1807   60236   65220    0        1.3      334.1     4.32e+04
2023 10 19  1808   60236   65280    0        1.4      340.8     6.82e+04
2023 10 19  1809   60236   65340    0        1.9      337.6     6.71e+04
2023 10 19  1810   60236   65400    0        1.4      338.2     4.50e+04
2023 10 19  1811   60236   65460    0        1.4      341.2     4.05e+04
2023 10 19  1812   60236   65520    0        1.4      341.7     4.01e+04
2023 10 19  1813   60236   65580    0        1.8      331.6     6.23e+04
2023 10 19  1814   60236   65640    0        1.7      333.0     6.09e+04
2023 10 19  1815   60236   65700    0        1.5      335.1     5.30e+04
2023 10 19  1816   60236   65760    0        1.4      338.7     4.66e+04
2023 10 19  1817   60236   65820    0        1.3      341.2     4.44e+04
2023 10 19  1818   60236   65880    0        1.2      340.9     4.25e+04
2023 10 19  1819   60236   65940    0        1.2      340.7     4.15e+04
2023 10 19  1820   60236   66000    0        1.2      341.0     4.78e+04
2023 10 19  1821   60236   66060    0        1.2      340.3     7.33e+04
2023 10 19  1822   60236   66120    0        1.3      343.7     7.50e+04
2023 10 19  1823   60236   66180    0        1.5      343.2     5.45e+04
2023 10 19  1824   60236   66240    9    -9999.9    -9999.9    -1.00e+05
2023 10 19  1825   60236   66300    0        1.3      338.9     4.63e+04
2023 10 19  1826   60236   66360    0        1.6      325.6     2.58e+04
2023 10 19  1827   60236   66420    0        1.5      324.6     3.03e+04
2023 10 19  1828   60236   66480    0        1.5      324.7     3.17e+04
2023 10 19  1829   60236   66540    0        1.3      336.4     4.54e+04
2023 10 19  1830   60236   66600    1        1.6      334.6     6.22e+04
2023 10 19  1831   60236   66660    0        1.5      340.5     6.83e+04
2023 10 19  1832   60236   66720    0        1.6      343.9     5.36e+04
2023 10 19  1833   60236   66780    0        1.7      343.7     4.10e+04
2023 10 19  1834   60236   66840    0        1.4      344.3     4.05e+04
2023 10 19  1835   60236   66900    0        1.6      337.4     4.18e+04
2023 10 19  1836   60236   66960    0        1.8      330.5     4.53e+04
2023 10 19  1837   60236   67020    0        1.8      338.7     5.53e+04
2023 10 19  1838   60236   67080    0        1.7      343.6     5.40e+04
2023 10 19  1839   60236   67140    0        1.8      340.3     4.25e+04
2023 10 19  1840   60236   67200    1        1.6      334.8     4.15e+04
2023 10 19  1841   60236   67260    0        1.8      332.4     5.48e+04
2023 10 19  1842   60236   67320    0        1.2      338.4     4.41e+04
2023 10 19  1843   60236   67380    0        1.5      336.7     5.13e+04
2023 10 19  1844   60236   67440    0        1.6      337.2     5.74e+04
2023 10 19  1845   60236   67500    0        1.6      337.5     5.87e+04
2023 10 19  1846   60236   67560    3    -9999.9    -9999.9    -1.00e+05
2023 10 19  1847   60236   67620    0        1.6      335.4     5.47e+04
2023 10 19  1848   60236   67680    0        1.5      336.3     5.13e+04
2023 10 19  1849   60236   67740    0        1.6      335.8     4.95e+04
2023 10 19  1850   60236   67800    0        1.7      335.3     5.25e+04
2023 10 19  1851   60236   67860    0        1.5      339.3     4.89e+04
2023 10 19  1852   60236   67920    0        1.4      343.8     3.62e+04
2023 10 19  1853   60236   67980    0        1.3      344.7     3.38e+04
2023 10 19  1854   60236   68040    0        1.4      342.2     4.21e+04
2023 10 19  1855   60236   68100    0        1.6      336.7     6.86e+04
2023 10 19  1856   60236   68160    0        1.9      333.0     5.22e+04
2023 10 19  1857   60236   68220    0        1.7      338.9     4.94e+04
2023 10 19  1858   60236   68280    0        1.9      331.4     4.48e+04
2023 10 19  1859   60236   68340    0        1.8      329.9     4.66e+04
2023 10 19  1900   60236   68400    0        1.7      329.8     4.71e+04
2023 10 19  1901   60236   68460    0        1.4      339.4     5.22e+04
2023 10 19  1902   60236   68520    0        2.0      332.9     4.63e+04
2023 10 19  1903   60236   68580    0        1.8      326.5     3.50e+04
2023 10 19  1904   60236   68640    0        1.5      324.3     2.90e+04
2023 10 19  1905   60236   68700    0        1.7      331.7     6.51e+04
2023 10 19  1906   60236   68760    0        1.8      331.4     6.26e+04
2023 10 19  1907   60236   68820    0        1.8      331.7     5.49e+04
2023 10 19  1908   60236   68880    0        1.5      335.2     5.37e+04
2023 10 19  1909   60236   68940    0        1.3      338.5     6.77e+04
2023 10 19  1910   60236   69000    0        1.1      324.3     2.83e+04
2023 10 19  1911   60236   69060    0        1.5      339.1     6.38e+04
2023 10 19  1912   60236   69120    0        1.4      341.0     4.96e+04
2023 10 19  1913   60236   69180    0        1.5      337.5     3.63e+04
2023 10 19  1914   60236   69240    0        1.5      326.1     2.55e+04
2023 10 19  1915   60236   69300    0        1.7      332.7     5.26e+04
2023 10 19  1916   60236   69360    0        1.5      338.6     4.99e+04
2023 10 19  1917   60236   69420    0        1.5      331.1     3.18e+04
2023 10 19  1918   60236   69480    0        1.5      327.3     2.51e+04
2023 10 19  1919   60236   69540    3    -9999.9    -9999.9    -1.00e+05
2023 10 19  1920   60236   69600    3    -9999.9    -9999.9    -1.00e+05
2023 10 19  1921   60236   69660    0        1.4      336.3     4.35e+04
2023 10 19  1922   60236   69720    0        1.5      334.4     5.56e+04
2023 10 19  1923   60236   69780    0        1.7      334.7     5.31e+04
2023 10 19  1924   60236   69840    0        1.3      339.0     5.50e+04
2023 10 19  1925   60236   69900    0        1.5      339.9     5.85e+04
2023 10 19  1926   60236   69960    0        2.0      331.5     6.68e+04
2023 10 19  1927   60236   70020    0        2.0      328.0     7.34e+04
2023 10 19  1928   60236   70080    0        1.4      332.9     6.29e+04
2023 10 19  1929   60236   70140    0        2.1      325.6     6.53e+04
2023 10 19  1930   60236   70200    0        1.9      328.5     6.43e+04
2023 10 19  1931   60236   70260    0        2.2      329.3     5.88e+04
2023 10 19  1932   60236   70320    0        1.8      330.7     5.99e+04
2023 10 19  1933   60236   70380    0        1.4      334.9     6.13e+04
2023 10 19  1934   60236   70440    0        1.1      338.5     5.48e+04
2023 10 19  1935   60236   70500    0        1.0      338.5     4.38e+04
2023 10 19  1936   60236   70560    0        1.3      332.7     4.33e+04
2023 10 19  1937   60236   70620    0        1.6      327.3     5.02e+04
2023 10 19  1938   60236   70680    0        1.4      331.7     5.14e+04
2023 10 19  1939   60236   70740    0        1.1      337.3     5.25e+04
2023 10 19  1940   60236   70800    0        1.6      330.1     6.14e+04
2023 10 19  1941   60236   70860    0        1.2      338.8     5.48e+04
2023 10 19  1942   60236   70920    0        1.2      339.1     5.59e+04
2023 10 19  1943   60236   70980    0        1.1      342.5     6.63e+04
2023 10 19  1944   60236   71040    9    -9999.9    -9999.9    -1.00e+05
2023 10 19  1945   60236   71100    0        1.3      321.2     3.67e+04
2023 10 19  1946   60236   71160    0        1.4      335.6     6.89e+04
2023 10 19  1947   60236   71220    0        1.0      338.4     7.74e+04
2023 10 19  1948   60236   71280    0        1.0      343.6     5.67e+04
2023 10 19  1949   60236   71340    0        1.3      344.3     4.62e+04
2023 10 19  1950   60236   71400    0        1.3      342.1     4.52e+04
2023 10 19  1951   60236   71460    0        1.3      341.1     4.56e+04
2023 10 19  1952   60236   71520    3    -9999.9    -9999.9    -1.00e+05
2023 10 19  1953   60236   71580    3    -9999.9    -9999.9    -1.00e+05
2023 10 19  1954   60236   71640    0        1.5      339.3     4.94e+04
2023 10 19  1955   60236   71700    0        1.5      336.1     4.77e+04
2023 10 19  1956   60236   71760    0        1.3      341.6     5.05e+04
2023 10 19  1957   60236   71820    0        1.1      337.9     4.58e+04
2023 10 19  1958   60236   71880    0        1.3      339.3     4.45e+04
2023 10 19  1959   60236   71940    0        1.7      334.0     6.69e+04
2023 10 19  2000   60236   72000    0        1.6      335.1     4.95e+04
2023 10 19  2001   60236   72060    0        1.2      334.9     5.32e+04
2023 10 19  2002   60236   72120    0        1.1      338.9     4.00e+04
2023 10 19  2003   60236   72180    0        1.2      337.7     3.71e+04
2023 10 19  2004   60236   72240    0        1.2      337.1     3.31e+04
2023 10 19  2005   60236   72300    0        1.2      333.8     3.85e+04
2023 10 19  2006   60236   72360    0        1.3      330.0     4.31e+04
2023 10 19  2007   60236   72420    0        1.5      329.7     4.28e+04
2023 10 19  2008   60236   72480    0        1.4      333.6     3.53e+04
2023 10 19  2009   60236   72540    0        1.2      335.5     3.21e+04
2023 10 19  2010   60236   72600    0        1.5      330.9     3.77e+04
2023 10 19  2011   60236   72660    0        1.7      328.3     3.89e+04
2023 10 19  2012   60236   72720    0        1.2      336.7     3.60e+04
2023 10 19  2013   60236   72780    0        1.2      340.8     3.89e+04
2023 10 19  2014   60236   72840    0        1.8      333.2     5.46e+04
2023 10 19  2015   60236   72900    0        1.3      339.5     4.01e+04
2023 10 19  2016   60236   72960    0        1.3      336.0     4.17e+04
2023 10 19  2017   60236   73020    0        1.2      336.5     3.29e+04
2023 10 19  2018   60236   73080    0        1.7      326.8     6.09e+04
2023 10 19  2019   60236   73140    0        2.1      327.2     6.03e+04
2023 10 19  2020   60236   73200    0        1.7      332.0     5.03e+04
2023 10 19  2021   60236   73260    0        1.5      326.9     5.14e+04
2023 10 19  2022   60236   73320    0        1.3      326.6     4.54e+04
2023 10 19  2023   60236   73380    0        1.6      324.2     5.07e+04
2023 10 19  2024   60236   73440    0        2.0      321.2     5.82e+04
2023 10 19  2025   60236   73500    0        1.9      327.0     5.41e+04
2023 10 19  2026   60236   73560    0        1.6      331.2     5.89e+04
2023 10 19  2027   60236   73620    0        1.4      335.2     6.34e+04
2023 10 19  2028   60236   73680    0        1.8      327.5     5.60e+04
2023 10 19  2029   60236   73740    0        1.6      327.4     5.85e+04
2023 10 19  2030   60236   73800    0        1.8      330.3     4.41e+04
2023 10 19  2031   60236   73860    0        1.8      330.3     4.35e+04
2023 10 19  2032   60236   73920    0        1.5      330.4     4.83e+04
2023 10 19  2033   60236   73980    0        2.9      329.9     3.27e+04
2023 10 19  2034   60236   74040    0        1.8      322.5     5.27e+04
2023 10 19  2035   60236   74100    0        1.8      326.4     5.13e+04
2023 10 19  2036   60236   74160    0        1.5      329.6     4.44e+04
2023 10 19  2037   60236   74220    0        1.2      331.4     3.46e+04
2023 10 19  2038   60236   74280    0        1.3      334.1     2.94e+04
2023 10 19  2039   60236   74340    0        1.3      333.9     2.97e+04
2023 10 19  2040   60236   74400    0        1.3      328.7     3.93e+04
2023 10 19  2041   60236   74460    0        1.4      326.3     4.34e+04
2023 10 19  2042   60236   74520    0        1.3      331.4     3.39e+04
2023 10 19  2043   60236   74580    0        1.1      335.3     2.90e+04
2023 10 19  2044   60236   74640    0        1.1      334.3     3.26e+04
2023 10 19  2045   60236   74700    0        1.3      337.6     3.29e+04
2023 10 19  2046   60236   74760    0        1.4      334.5     3.47e+04
2023 10 19  2047   60236   74820    0        1.2      335.7     3.10e+04
2023 10 19  2048   60236   74880    0        1.8      326.4     4.71e+04
2023 10 19  2049   60236   74940    0        1.7      328.5     3.79e+04
2023 10 19  2050   60236   75000    0        1.4      333.0     3.50e+04
2023 10 19  2051   60236   75060    0        1.3      334.5     2.92e+04
2023 10 19  2052   60236   75120    0        1.5      332.0     3.63e+04
2023 10 19  2053   60236   75180    0        1.8      326.6     4.57e+04
2023 10 19  2054   60236   75240    0        1.7      326.3     4.07e+04
2023 10 19  2055   60236   75300    0        1.6      324.7     3.82e+04
2023 10 19  2056   60236   75360    0        1.6      326.3     3.90e+04
2023 10 19  2057   60236   75420    0        1.6      329.9     3.82e+04
2023 10 19  2058   60236   75480    0        1.3      327.5     3.83e+04
2023 10 19  2059   60236   75540    0        1.5      324.5     4.04e+04
2023 10 19  2100   60236   75600    0        2.2      318.1     4.78e+04
2023 10 19  2101   60236   75660    0        2.6      319.6     5.44e+04
2023 10 19  2102   60236   75720    0        2.0      317.3     4.44e+04
2023 10 19  2103   60236   75780    0        1.8      319.1     4.71e+04
2023 10 19  2104   60236   75840    0        1.7      322.4     5.40e+04
2023 10 19  2105   60236   75900    0        1.8      327.4     5.90e+04
2023 10 19  2106   60236   75960    0        1.6      334.6     6.43e+04
2023 10 19  2107   60236   76020    1        3.5      328.4     2.89e+04
2023 10 19  2108   60236   76080    0        2.4      325.9     5.33e+04
2023 10 19  2109   60236   76140    0        1.9      324.0     6.46e+04
2023 10 19  2110   60236   76200    0        2.1      323.9     5.67e+04
2023 10 19  2111   60236   76260    0        1.9      324.1     5.28e+04
2023 10 19  2112   60236   76320    0        1.6      324.8     5.76e+04
2023 10 19  2113   60236   76380    0        1.5      325.1     5.86e+04
2023 10 19  2114   60236   76440    0        2.0      324.0     5.19e+04
2023 10 19  2115   60236   76500    0        2.9      322.9     4.70e+04
2023 10 19  2116   60236   76560    0        1.4      321.3     5.59e+04
2023 10 19  2117   60236   76620    0        1.5      321.3     5.35e+04
2023 10 19  2118   60236   76680    0        1.7      323.1     4.07e+04
2023 10 19  2119   60236   76740    0        1.0      336.5     3.15e+04
2023 10 19  2120   60236   76800    0        1.0      330.1     3.10e+04
2023 10 19  2121   60236   76860    0        1.1      332.6     2.83e+04
2023 10 19  2122   60236   76920    0        1.3      320.7     4.88e+04
2023 10 19  2123   60236   76980    0        1.3      323.9     3.92e+04
2023 10 19  2124   60236   77040    0        0.7      334.3     4.19e+04
2023 10 19  2125   60236   77100    0        0.5      333.3     3.71e+04
2023 10 19  2126   60236   77160    0        0.8      329.3     3.16e+04
2023 10 19  2127   60236   77220    0        0.6      330.3     2.95e+04
2023 10 19  2128   60236   77280    0        0.4      334.0     2.65e+04
2023 10 19  2129   60236   77340    0        0.8      329.3     3.11e+04
2023 10 19  2130   60236   77400    0        1.3      320.9     4.06e+04
2023 10 19  2131   60236   77460    1        0.6      325.1     4.20e+04
2023 10 19  2132   60236   77520    1        0.6      327.8     4.05e+04
2023 10 19  2133   60236   77580    0        0.4      335.7     3.53e+04
2023 10 19  2134   60236   77640    0        0.5      332.2     3.43e+04
2023 10 19  2135   60236   77700    1        0.5      337.2     3.32e+04
2023 10 19  2136   60236   77760    0        0.3      331.8     3.77e+04
2023 10 19  2137   60236   77820    0        1.3      330.9     3.40e+04
2023 10 19  2138   60236   77880    0        1.4      331.7     3.30e+04
2023 10 19  2139   60236   77940    0        1.0      333.9     2.80e+04
2023 10 19  2140   60236   78000    0        1.4      333.1     3.24e+04
2023 10 19  2141   60236   78060    0        1.4      323.9     5.14e+04
2023 10 19  2142   60236   78120    0        1.4      322.8     4.64e+04
2023 10 19  2143   60236   78180    0        1.2      329.8     3.24e+04
2023 10 19  2144   60236   78240    0        1.0      329.5     3.09e+04
2023 10 19  2145   60236   78300    0        1.0      328.6     3.19e+04
2023 10 19  2146   60236   78360    0        0.9      332.5     3.09e+04
2023 10 19  2147   60236   78420    0        0.8      331.7     3.23e+04
2023 10 19  2148   60236   78480    0        0.8      330.5     3.21e+04
2023 10 19  2149   60236   78540    0        1.2      323.6     5.51e+04
2023 10 19  2150   60236   78600    0        1.0      328.3     4.02e+04
2023 10 19  2151   60236   78660    0        0.5      340.2     3.93e+04
2023 10 19  2152   60236   78720    0        0.7      329.3     4.64e+04
2023 10 19  2153   60236   78780    0        0.4      338.3     2.81e+04
2023 10 19  2154   60236   78840    0        0.6      336.6     3.23e+04
2023 10 19  2155   60236   78900    0        0.6      337.5     3.92e+04
2023 10 19  2156   60236   78960    0        1.2      319.7     5.22e+04
2023 10 19  2157   60236   79020    0        1.5      314.2     5.30e+04
2023 10 19  2158   60236   79080    0        1.9      314.0     4.95e+04
2023 10 19  2159   60236   79140    9    -9999.9    -9999.9    -1.00e+05
